FADC250_CRATE  hps2
FADC250_SLOT  3
FADC250_ALLCH_GAIN  112.165  84.708  64.007 106.428  95.833  60.665 132.826  73.709 106.524 111.793  87.008 119.195 109.434  91.362 106.076 126.770
FADC250_SLOT  4
FADC250_ALLCH_GAIN  111.693  88.249 107.084  90.229  78.932 145.570 136.666 110.938 122.685  97.432 119.042 102.696 121.629 110.924 120.673  96.303
FADC250_SLOT  5
FADC250_ALLCH_GAIN   71.274  52.906  71.670  98.169  99.266  86.510  84.093 115.688  98.729 102.511  72.763 114.493  99.166  77.634  89.930  92.880
FADC250_SLOT  6
FADC250_ALLCH_GAIN   68.693  85.045  93.117  83.775 115.104  91.140  62.831  63.225  92.965 137.249  92.980 102.712  66.694 126.125  77.381  97.543
FADC250_SLOT  7
FADC250_ALLCH_GAIN  151.974  83.020  83.107  99.900 108.012 121.971 105.197  88.768 122.037 106.228  93.188  83.850  93.850 111.362  98.336 118.364
FADC250_SLOT  8
FADC250_ALLCH_GAIN   89.126  99.811  63.294  72.539  79.071  58.333  96.157 107.849  58.346 126.597  85.733  51.726  77.770  65.748  53.707  67.593
FADC250_SLOT  9
FADC250_ALLCH_GAIN   96.997 157.576 134.810 130.251  95.654  78.732  87.859  91.640  84.904 147.390 120.235  90.273 107.796 111.804 114.376 139.432
FADC250_SLOT  14
FADC250_ALLCH_GAIN  126.686 124.519  88.915  77.099  98.117 115.065 100.540  87.490 132.533 125.071  94.784 114.739  80.584 124.333  65.263 102.263
FADC250_SLOT  15
FADC250_ALLCH_GAIN   71.392 103.954  66.307  61.548  85.041  98.571  93.859  94.916  86.098  88.123  95.171  58.716  76.025  92.543 134.281  51.987
FADC250_SLOT  16
FADC250_ALLCH_GAIN   82.332  86.897  68.321  67.246  78.413  97.240  80.914  75.298  96.843  72.326 126.890  91.024  89.838 114.369  63.458  72.509
FADC250_SLOT  17
FADC250_ALLCH_GAIN   89.096 102.980  86.305  78.812  85.873  97.533  89.236  83.720 100.872  90.760  89.832  89.177  87.694  81.120 135.085  94.049
FADC250_SLOT  18
FADC250_ALLCH_GAIN  115.083 102.077  90.006 116.403 113.411 115.338 116.771  78.415  75.889  83.662 113.587 156.137 112.628  90.307 103.264 130.245
FADC250_SLOT  19
FADC250_ALLCH_GAIN   90.705 110.705 117.992  74.401  67.099 116.117  63.318  60.356  69.125  92.667  84.793  71.380 101.851 116.255  73.173 117.228
FADC250_SLOT  20
FADC250_ALLCH_GAIN   88.433  86.081  97.087  86.780  66.460  85.460  87.778  46.660  88.644  88.544  63.053  60.222 100.584   1.000   1.000   1.000
FADC250_CRATE end

