channel_id pedestal noise
  1 109.845  3.685
  2 87.508  3.473
  3 108.095  3.460
  4 106.867  3.317
  5 125.938  3.322
  6 54.631  3.532
  7 142.251  3.405
  8 105.016  3.656
  9 135.844  3.456
 10 105.513  3.774
 11 133.996  3.517
 12 93.192  3.351
 13 94.530  3.348
 14 132.711  3.396
 15 111.341  3.576
 16 137.870  3.572
 17 118.969  3.366
 18 132.434  3.464
 19 149.559  3.426
 20 185.517  3.553
 21 110.878  3.439
 22 112.400  3.352
 23 140.814  3.411
 24 128.722  3.490
 25 103.995  3.446
 26 107.130  3.495
 27 112.835  3.379
 28 127.046  3.451
 29 93.221  3.268
 30 127.547  3.452
 31 107.368  3.528
 32 125.144  3.495
 33 107.653  3.492
 34 124.383  3.785
 35 126.810  3.571
 36 126.988  3.443
 37 100.889  3.478
 38 100.505  3.423
 39 132.975  3.434
 40 97.160  3.403
 41 130.168  3.267
 42 101.950  3.163
 43 90.340  3.035
 44 106.532  2.558
 45 140.374  3.634
 46 115.843  3.458
 47 99.507  3.563
 48 106.506  3.671
 49 93.265  3.587
 50 132.703  3.505
 51 135.196  3.554
 52 128.498  3.539
 53 141.855  3.519
 54 77.920  3.470
 55 105.135  3.713
 56 71.059  3.459
 57 86.885  3.619
 58 140.830  3.453
 59 116.460  3.492
 60 86.885  3.630
 61 112.966  3.823
 62 118.399  3.726
 63 142.021  3.794
 64 103.928  3.921
 65 143.976  3.759
 66 105.198  3.761
 67 112.367  3.793
 68 122.416  3.840
 69 168.684  3.621
 70 100.029  3.591
 71 125.011  3.461
 72 137.422  3.534
 73 107.206  3.458
 74 115.014  3.520
 75 113.754  3.391
 76 123.930  3.410
 77 115.982  3.455
 78 108.286  3.478
 79 125.812  3.621
 80 122.745  3.602
 81 84.449  3.557
 82 148.351  3.250
 83 129.281  3.523
 84 124.652  3.877
 85 111.583  3.610
 86 143.927  3.232
 87 63.547  3.347
 88 66.296  3.752
 89 83.176  3.503
 90 130.142  3.693
 91 139.344  3.308
 92 97.710  4.197
 93 104.924  3.855
 94 117.972  3.534
 95 111.888  3.663
 96 123.479  3.518
 97 127.610  3.575
 98 129.608  3.400
 99 162.853  3.312
100 118.680  3.470
101 137.027  3.567
102 97.391  3.486
103 118.216  3.357
104 119.964  3.660
105 105.210  3.511
106 109.461  3.687
107 83.011  3.802
108 144.384  3.993
109 129.711  4.081
110 163.023  4.025
111 149.785  4.193
112 147.919  4.309
113 120.819  3.968
114 91.858  3.855
115 112.576  3.890
116 94.172  3.559
117 83.199  3.598
118 130.374  3.548
119 139.412  3.564
120 154.927  3.361
121 118.135  3.472
122 98.504  3.610
123 113.900  3.543
124 112.725  3.702
125 127.402  3.503
126 100.796  3.550
127 140.479  3.518
128 155.907  3.575
129 121.612  3.499
130 112.686  3.350
131 126.732  3.852
132 87.884  3.795
133 102.795  3.667
134 157.133  3.621
135 97.690  3.430
136 94.556  3.584
137 132.420  3.187
138 100.042  4.526
139 84.962  3.629
140 83.598  3.572
141 133.488  3.287
142 141.880  3.501
143 145.386  3.483
144 109.953  3.603
145 120.505  3.515
146 129.393  3.516
147 124.070  3.428
148 92.773  3.452
149 121.378  3.573
150 127.192  3.316
151 107.477  3.719
152 80.261  3.717
153 157.418  4.041
154 112.132  4.304
155 109.207  4.906
156 112.047  5.163
157 141.167  5.005
158 104.518  5.368
159 130.161  4.949
160 126.874  4.468
161 114.456  3.913
162 135.512  3.634
163 120.345  3.634
164 119.001  3.614
165 123.602  3.469
166 136.403  3.381
167 123.974  3.615
168 133.965  3.518
169 103.067  3.713
170 147.123  3.748
171 130.266  3.593
172 113.401  3.566
173 129.324  3.561
174 161.294  3.613
175 89.043  3.618
176 144.381  3.463
177 97.298  3.942
178 121.198  3.572
179 62.086  3.241
180 77.038  3.592
181 103.338  3.696
182 140.504  3.478
183 100.551  3.484
184 58.718  3.340
185 126.604  4.366
186 129.556  4.562
187 121.693  3.708
188 121.915  3.931
189 91.997  4.000
190 120.297  3.914
191 102.315  4.110
192 128.068  3.747
193 108.422  3.807
194 99.763  3.721
195 121.198  3.671
196 94.177  3.591
197 128.078  3.756
198 101.023  4.317
199 95.021  4.070
200 125.174  4.069
201 127.664  3.778
202 50.880  3.703
203 136.980  3.574
204 108.498  3.620
205 141.472  3.630
206 123.596  3.651
207 143.912  3.611
208 139.957  3.502
209 136.309  3.968
210 106.448  3.564
211 165.378  3.393
212 114.143  3.616
213 88.143  3.759
214 118.695  3.472
215 90.647  3.586
216 95.206  3.754
217 117.744  3.922
218 119.343  3.561
219 136.377  3.566
220 123.502  4.009
221 125.024  4.270
222 115.057  3.410
223 114.183  3.575
224 100.379  3.426
225 119.470  3.400
226 96.170  3.476
227 156.582  3.323
228 139.610  3.522
229 141.690  3.358
230 142.073  3.414
231 117.665  3.467
232 114.819  3.620
233 129.314  3.644
234 115.839  3.575
235 100.912  4.348
236 138.305  3.898
237 173.295  3.714
238 123.208  3.459
239 95.044  3.521
240 111.237  3.341
241 85.678  3.383
242 114.746  3.582
243 111.574  3.296
244 131.249  3.298
245 110.851  3.371
246 92.967  3.319
247 90.087  3.406
248 120.265  3.455
249 105.559  3.385
250 127.274  3.306
251 125.266  3.193
252 146.792  3.366
253 124.281  3.294
254 107.172  3.379
255 155.442  3.222
256 113.309  2.867
257 88.304  3.516
258 138.879  3.293
259 115.907  3.287
260 94.330  3.270
261 144.580  3.241
262 111.011  3.345
263 142.916  3.289
264 118.001  3.461
265 183.857  3.377
266 143.298  3.373
267 128.909  3.304
268 115.932  3.349
269 110.716  3.439
270 114.040  3.456
271 141.046  3.402
272 123.774  3.574
273 106.154  3.877
274 107.641  3.825
275 101.726  4.135
276 109.392  5.466
277 108.851  5.208
278 94.697  4.923
279 104.421  5.678
280 157.280  4.125
281 124.799  3.959
282 163.854  3.548
283 145.595  3.561
284 105.161  3.579
285 123.182  3.417
286 80.280  3.453
287 122.747  3.445
288 126.344  3.313
289 119.469  3.296
290 114.925  3.278
291 109.189  3.286
292 153.059  3.159
293 121.033  3.459
294 110.928  3.297
295 116.843  3.148
296 129.862  3.217
297 127.932  3.330
298 122.904  3.257
299 144.889  3.234
300 172.312  3.450
301 138.135  3.061
302 146.363  3.040
303 158.318  3.095
304 111.262  3.639
305 90.676  3.446
306 113.433  3.345
307 114.648  3.408
308 99.770  3.398
309 90.116  3.425
310 137.980  3.411
311 140.655  3.352
312 105.995  3.547
313 116.864  3.333
314 107.701  3.404
315 127.121  3.407
316 105.134  3.505
317 90.462  3.482
318 99.207  3.531
319 123.546  3.709
320 113.340  3.706
321 117.957  3.986
322 113.861  4.080
323 123.899  4.310
324 128.788  4.216
325 149.078  4.017
326 149.932  3.706
327 140.340  3.855
328 151.013  3.538
329 118.209  3.486
330 115.012  3.495
331 183.008  3.358
332 105.568  3.442
333 133.499  3.413
334 92.051  3.372
335 138.198  3.336
336 149.432  3.276
337 126.665  3.382
338 105.521  3.353
339 164.120  3.363
340 144.607  3.128
341 119.638  3.228
342 99.309  3.566
343 115.048  3.268
344 97.653  3.363
345 129.572  3.419
346 161.865  3.151
347 114.932  3.162
348 137.733  3.484
349 101.487  3.504
350 92.345  2.781
351 88.425  3.376
352 114.635  3.409
353 112.809  3.434
354 128.862  3.322
355 86.908  3.367
356 144.842  3.330
357 117.327  3.399
358 103.220  3.512
359 142.971  3.240
360 161.965  3.346
361 116.939  3.358
362 112.566  3.497
363 98.801  3.407
364 151.473  3.420
365 107.969  3.700
366 95.939  3.778
367 159.800  3.712
368 121.844  3.846
369 118.483  3.890
370 93.125  3.754
371 91.129  3.756
372 118.773  4.737
373 125.347  3.589
374 149.615  3.375
375 134.585  3.389
376 117.501  3.346
377 160.876  3.227
378 93.072  3.327
379 86.750  3.546
380 100.132  3.495
381 124.909  3.389
382 134.008  3.399
383 137.690  3.509
384 125.261  3.436
385 119.488  3.044
386 118.656  3.230
387 95.510  3.455
388 143.243  3.070
389 110.877  3.674
390 80.993  2.890
391 148.717  3.235
392 137.235  3.219
393 134.543  3.310
394 119.201  2.970
395 132.958  3.035
396 133.090  3.253
397 128.203  3.235
398 75.154  3.346
399 124.837  3.558
400 142.807  3.291
401 96.485  3.352
402 101.777  3.246
403 129.924  3.342
404 110.629  3.136
405 140.963  3.414
406 120.717  3.399
407 116.267  3.315
408 123.821  3.332
409 116.085  3.414
410 119.358  3.516
411 102.455  3.287
412 94.705  3.495
413 79.382  3.529
414 85.239  3.714
415 121.526  3.675
416 87.598  3.539
417 127.719  3.653
418 141.771  3.531
419 112.905  3.440
420 115.289  3.453
421 137.817  3.285
422 112.059  3.293
423 155.435  3.492
424 80.576  3.326
425 151.527  3.473
426 108.842  3.480
427 145.352  3.310
428 117.471  3.276
429 148.923  3.562
430 178.009  3.241
431 132.025  3.588
432 89.015  2.932
433 113.312  3.453
434 126.160  3.069
435 140.482  3.549
436 99.326  3.298
437 138.605  3.426
438 148.163  3.222
439 117.174  3.028
440 134.441  3.697
441 139.586  5.888
442 123.493  4.332
