FADC250_SLOT  3
FADC250_ALLCH_GAIN   98.608  30.948  72.708  70.826  87.506  95.934  72.635 104.828 111.428 114.127 108.324 112.736  66.436 102.998  77.779  91.746
FADC250_SLOT  4
FADC250_ALLCH_GAIN   76.245  69.847  55.910  62.446  90.104  49.898 129.906  37.803  75.048  67.311  33.554  76.168  34.502 103.039  62.744  93.875
FADC250_SLOT  5
FADC250_ALLCH_GAIN   60.505 117.647  68.696  91.156  69.374  99.066  84.228 105.532  59.873 117.227  84.097  97.178  73.194  86.141  60.097  93.837
FADC250_SLOT  6
FADC250_ALLCH_GAIN  103.495  74.275 139.631 135.001 129.462 122.058 100.544  79.953 102.423 113.660  57.205  98.833 109.818  85.945  74.157  96.057
FADC250_SLOT  7
FADC250_ALLCH_GAIN   98.222 113.653 103.164 100.522  99.904  80.758 117.777 120.185  85.882  81.885  99.638  95.805  76.055  86.193  88.782  80.844
FADC250_SLOT  8
FADC250_ALLCH_GAIN  115.596 108.430  72.230  97.683 100.691  83.034  98.093  92.447  88.619  67.071 112.444 109.803 129.733  88.432 101.252  22.937
FADC250_SLOT  9
FADC250_ALLCH_GAIN   98.139 113.383  80.826  86.567 102.110  93.492 104.808 112.017  81.261 100.244  94.985  56.602  98.419  78.254  70.250 112.253
FADC250_SLOT  14
FADC250_ALLCH_GAIN   68.411  73.653 103.599  75.068  89.064  87.119 144.066 114.941 102.095  66.548  96.529  85.620 105.420  94.611  86.005  85.024
FADC250_SLOT  15
FADC250_ALLCH_GAIN   80.888 123.926  79.173 159.543 117.260 125.851 118.196 123.362  88.214 137.782  77.822 106.355  84.808 104.132 115.931  93.196
FADC250_SLOT  16
FADC250_ALLCH_GAIN   87.366 117.953  91.998 110.954 132.453  56.767  86.058  84.513  53.262  82.459  60.182 106.203 101.740  80.189  78.439  90.217
FADC250_SLOT  17
FADC250_ALLCH_GAIN   67.558  66.984  99.765  92.082 114.456  65.537  94.706  93.418  91.351  57.692 106.227  72.170  64.671  68.986  42.148  76.632
FADC250_SLOT  18
FADC250_ALLCH_GAIN   80.609  96.593 110.330  78.513 108.957 101.099 101.936  90.286  50.486  76.728  74.991  92.700 135.518 114.622 115.067  93.351
FADC250_SLOT  19
FADC250_ALLCH_GAIN   83.233 102.713 102.507  26.276  64.313 117.389 100.383 108.072  98.139  94.414 115.022  95.663 105.165  79.058  93.205 106.625
FADC250_SLOT  20
FADC250_ALLCH_GAIN   84.515  65.121  79.875 101.534  54.529  89.758  77.768  58.961  97.971  55.475  75.575  70.999  80.404   1.000   1.000   1.000
FADC250_CRATE end
