
FADC250_CRATE hps1
FADC250_SLOT  3
FADC250_ALLCH_GAIN   98.608  30.948  72.708  70.826  87.506  95.934  72.635 104.828 111.428 114.127 108.324 112.736  66.436 102.998  77.779  91.746
FADC250_SLOT  4
FADC250_ALLCH_GAIN   76.245  69.847  55.910  62.446  90.104  49.898 129.906  37.803  75.048  67.311  33.554  76.168  34.502 103.039  62.744  93.875
FADC250_SLOT  5
FADC250_ALLCH_GAIN   60.505 117.647  68.696  91.156  69.374  99.066  84.228 105.532  59.873 117.227  84.097  97.178  73.194  86.141  60.097  93.837
FADC250_SLOT  6
FADC250_ALLCH_GAIN  103.495  74.275 139.631 135.001 129.462 122.058 100.544  79.953 102.423 113.660  57.205  98.833 109.818  85.945  74.157  96.057
FADC250_SLOT  7
FADC250_ALLCH_GAIN   98.222 113.653 103.164 100.522  99.904  80.758 117.777 120.185  85.882  81.885  99.638  95.805  76.055  86.193  88.782  80.844
FADC250_SLOT  8
FADC250_ALLCH_GAIN  115.596 108.430  72.230  97.683 100.691  83.034  98.093  92.447  88.619  67.071 112.444 109.803 129.733  88.432 101.252  22.937
FADC250_SLOT  9
FADC250_ALLCH_GAIN   98.139 113.383  80.826  86.567 102.110  93.492 104.808 112.017  81.261 100.244  94.985  56.602  98.419  78.254  70.250 112.253
FADC250_SLOT  14
FADC250_ALLCH_GAIN   68.411  73.653 103.599  75.068  89.064  87.119 144.066 114.941 102.095  66.548  96.529  85.620 105.420  94.611  86.005  85.024
FADC250_SLOT  15
FADC250_ALLCH_GAIN   80.888 123.926  79.173 159.543 117.260 125.851 118.196 123.362  88.214 137.782  77.822 106.355  84.808 104.132 115.931  93.196
FADC250_SLOT  16
FADC250_ALLCH_GAIN   87.366 117.953  91.998 110.954 132.453  56.767  86.058  84.513  53.262  82.459  60.182 106.203 101.740  80.189  78.439  90.217
FADC250_SLOT  17
FADC250_ALLCH_GAIN   67.558  66.984  99.765  92.082 114.456  65.537  94.706  93.418  91.351  57.692 106.227  72.170  64.671  68.986  42.148  76.632
FADC250_SLOT  18
FADC250_ALLCH_GAIN   80.609  96.593 110.330  78.513 108.957 101.099 101.936  90.286  50.486  76.728  74.991  92.700 135.518 114.622 115.067  93.351
FADC250_SLOT  19
FADC250_ALLCH_GAIN   83.233 102.713 102.507  26.276  64.313 117.389 100.383 108.072  98.139  94.414 115.022  95.663 105.165  79.058  93.205 106.625
FADC250_SLOT  20
FADC250_ALLCH_GAIN   84.515  65.121  79.875 101.534  54.529  89.758  77.768  58.961  97.971  55.475  75.575  70.999  80.404  78.250  98.654 146.020
FADC250_CRATE end
FADC250_CRATE  hps2
FADC250_SLOT  3
FADC250_ALLCH_GAIN  112.165  84.708  64.007 106.428  95.833  60.665 132.826  73.709 106.524 111.793  87.008 119.195 109.434  91.362 106.076 126.770
FADC250_SLOT  4
FADC250_ALLCH_GAIN  111.693  88.249 107.084  90.229  78.932 145.570 136.666 110.938 122.685  97.432 119.042 102.696 121.629 110.924 120.673  96.303
FADC250_SLOT  5
FADC250_ALLCH_GAIN   71.274  52.906  71.670  98.169  99.266  86.510  84.093 115.688  98.729 102.511  72.763 114.493  99.166  77.634  89.930  92.880
FADC250_SLOT  6
FADC250_ALLCH_GAIN   68.693  85.045  93.117  83.775 115.104  91.140  62.831  63.225  92.965 137.249  92.980 102.712  66.694 126.125  77.381  97.543
FADC250_SLOT  7
FADC250_ALLCH_GAIN  151.974  83.020  83.107  99.900 108.012 121.971 105.197  88.768 122.037 106.228  93.188  83.850  93.850 111.362  98.336 118.364
FADC250_SLOT  8
FADC250_ALLCH_GAIN   89.126  99.811  63.294  72.539  79.071  58.333  96.157 107.849  58.346 126.597  85.733  51.726  77.770  65.748  53.707  67.593
FADC250_SLOT  9
FADC250_ALLCH_GAIN   96.997 157.576 134.810 130.251  95.654  78.732  87.859  91.640  84.904 147.390 120.235  90.273 107.796 111.804 114.376 139.432
FADC250_SLOT  14
FADC250_ALLCH_GAIN  126.686 124.519  88.915  77.099  98.117 115.065 100.540  87.490 132.533 125.071  94.784 114.739  80.584 124.333  65.263 102.263
FADC250_SLOT  15
FADC250_ALLCH_GAIN   71.392 103.954  66.307  61.548  85.041  98.571  93.859  94.916  86.098  88.123  95.171  58.716  76.025  92.543 134.281  51.987
FADC250_SLOT  16
FADC250_ALLCH_GAIN   82.332  86.897  68.321  67.246  78.413  97.240  80.914  75.298  96.843  72.326 126.890  91.024  89.838 114.369  63.458  72.509
FADC250_SLOT  17
FADC250_ALLCH_GAIN   89.096 102.980  86.305  78.812  85.873  97.533  89.236  83.720 100.872  90.760  89.832  89.177  87.694  81.120 135.085  94.049
FADC250_SLOT  18
FADC250_ALLCH_GAIN  115.083 102.077  90.006 116.403 113.411 115.338 116.771  78.415  75.889  83.662 113.587 156.137 112.628  90.307 103.264 130.245
FADC250_SLOT  19
FADC250_ALLCH_GAIN   90.705 110.705 117.992  74.401  67.099 116.117  63.318  60.356  69.125  92.667  84.793  71.380 101.851 116.255  73.173 117.228
FADC250_SLOT  20
FADC250_ALLCH_GAIN   88.433  86.081  97.087  86.780  66.460  85.460  87.778  46.660  88.644  88.544  63.053  60.222 100.584 117.971 141.626  93.525
FADC250_CRATE end

