# E0 =  0.4490     Rays from file a015-235.ray               13 May 99  22:02:11
# Counter data from files E-CTRS.DAT                 T-CTRS.DAT                 
# Energy from 0.19000 to 0.96000, step 0.00000, number 1.5400E+06       unif. k
# Angle  from  0.0000 to  0.0000, step 0.00000
#                                                             
#     Tctr      kmin kminfirst      kmax
         1   0.94323   0.95211   0.95211
         2   0.93331   0.94323   0.94416
         3   0.92094   0.93331   0.93397
         4   0.91198   0.92094   0.92172
         5   0.90336   0.91198   0.91307
         6   0.89380   0.90336   0.90423
         7   0.88577   0.89380   0.89505
         8   0.87687   0.88577   0.88664
         9   0.86729   0.87687   0.87753
        10   0.85748   0.86729   0.86869
        11   0.84714   0.85748   0.85837
        12   0.83613   0.84714   0.84833
        13   0.82477   0.83613   0.83693
        14   0.81414   0.82477   0.82559
        15   0.80671   0.81414   0.81557
        16   0.79955   0.80671   0.80859
        17   0.79130   0.79955   0.80048
        18   0.78316   0.79130   0.79249
        19   0.77414   0.78316   0.78368
        20   0.75512   0.77414   0.78368
        21   0.72744   0.75512   0.75814
        22   0.70102   0.72744   0.73042
        23   0.67669   0.70102   0.70423
        24   0.65300   0.67669   0.67872
        25   0.63038   0.65300   0.65582
        26   0.60770   0.63038   0.63333
        27   0.58908   0.60770   0.61075
        28   0.57014   0.58908   0.59184
        29   0.55117   0.57014   0.57294
        30   0.53242   0.55117   0.55404
        31   0.51280   0.53242   0.53481
        32   0.49805   0.51280   0.51591
        33   0.48264   0.49805   0.50061
        34   0.46728   0.48264   0.48548
        35   0.45187   0.46728   0.47037
        36   0.43864   0.45187   0.45501
        37   0.42496   0.43864   0.44149
        38   0.41383   0.42496   0.42812
        39   0.40195   0.41383   0.41634
        40   0.39014   0.40195   0.40461
        41   0.37835   0.39014   0.39292
        42   0.36675   0.37835   0.38144
        43   0.35473   0.36675   0.36950
        44   0.34540   0.35473   0.35773
        45   0.33582   0.34540   0.34814
        46   0.32621   0.33582   0.33858
        47   0.31617   0.32621   0.32864
        48   0.30610   0.31617   0.31868
        49   0.29633   0.30610   0.30900
        50   0.28979   0.29633   0.29897
        51   0.28162   0.28979   0.29084
        52   0.27378   0.28162   0.28304
        53   0.26573   0.27378   0.27503
        54   0.25762   0.26573   0.26696
        55   0.24952   0.25762   0.25887
        56   0.24166   0.24952   0.25100
        57   0.23579   0.24166   0.24307
        58   0.22991   0.23579   0.23720
        59   0.22379   0.22991   0.23110
        60   0.21789   0.22379   0.22523
        61   0.21115   0.21789   0.21902
# E0 =  0.8999     Rays from file a03-235.ray                13 May 99  22:03:54
# Counter data from files E-CTRS.DAT                 T-CTRS.DAT                 
# Energy from 0.19000 to 0.96000, step 0.00000, number 1.5400E+06       unif. k
# Angle  from  0.0000 to  0.0000, step 0.00000
#                                                             
#     Tctr      kmin kminfirst      kmax
         1   0.94415   0.95288   0.95288
         2   0.93439   0.94415   0.94509
         3   0.92212   0.93439   0.93509
         4   0.91331   0.92212   0.92293
         5   0.90476   0.91331   0.91441
         6   0.89532   0.90476   0.90565
         7   0.88735   0.89532   0.89659
         8   0.87849   0.88735   0.88824
         9   0.86896   0.87849   0.87917
        10   0.85921   0.86896   0.87038
        11   0.84895   0.85921   0.86012
        12   0.83798   0.84895   0.85015
        13   0.82665   0.83798   0.83880
        14   0.81606   0.82665   0.82748
        15   0.80867   0.81606   0.81749
        16   0.80156   0.80867   0.81054
        17   0.79333   0.80156   0.80249
        18   0.78515   0.79333   0.79452
        19   0.77610   0.78515   0.78567
        20   0.75710   0.77610   0.78567
        21   0.72925   0.75710   0.76009
        22   0.70271   0.72925   0.73220
        23   0.67819   0.70271   0.70585
        24   0.65425   0.67819   0.68015
        25   0.63119   0.65425   0.65700
        26   0.60803   0.63119   0.63409
        27   0.58899   0.60803   0.61102
        28   0.56970   0.58899   0.59168
        29   0.55052   0.56970   0.57240
        30   0.53152   0.55052   0.55327
        31   0.51169   0.53152   0.53379
        32   0.49675   0.51169   0.51468
        33   0.48108   0.49675   0.49922
        34   0.46548   0.48108   0.48384
        35   0.44991   0.46548   0.46846
        36   0.43657   0.44991   0.45294
        37   0.42278   0.43657   0.43930
        38   0.41154   0.42278   0.42584
        39   0.39956   0.41154   0.41396
        40   0.38766   0.39956   0.40212
        41   0.37581   0.38766   0.39033
        42   0.36419   0.37581   0.37879
        43   0.35214   0.36419   0.36683
        44   0.34272   0.35214   0.35505
        45   0.33301   0.34272   0.34540
        46   0.32329   0.33301   0.33572
        47   0.31320   0.32329   0.32565
        48   0.30314   0.31320   0.31563
        49   0.29338   0.30314   0.30594
        50   0.28685   0.29338   0.29595
        51   0.27870   0.28685   0.28783
        52   0.27091   0.27870   0.28006
        53   0.26292   0.27091   0.27210
        54   0.25489   0.26292   0.26409
        55   0.24686   0.25489   0.25607
        56   0.23905   0.24686   0.24828
        57   0.23322   0.23905   0.24042
        58   0.22738   0.23322   0.23459
        59   0.22130   0.22738   0.22853
        60   0.21545   0.22130   0.22269
        61   0.20877   0.21545   0.21654
# E0 =  1.7954     Rays from file a06-235.ray                13 May 99  22:07:18
# Counter data from files E-CTRS.DAT                 T-CTRS.DAT                 
# Energy from 0.19000 to 0.96000, step 0.00000, number 1.5400E+06       unif. k
# Angle  from  0.0000 to  0.0000, step 0.00000
#                                                             
#     Tctr      kmin kminfirst      kmax
         1   0.94439   0.95311   0.95311
         2   0.93468   0.94439   0.94532
         3   0.92247   0.93468   0.93537
         4   0.91366   0.92247   0.92326
         5   0.90512   0.91366   0.91475
         6   0.89570   0.90512   0.90600
         7   0.88774   0.89570   0.89696
         8   0.87889   0.88774   0.88861
         9   0.86936   0.87889   0.87956
        10   0.85960   0.86936   0.87076
        11   0.84932   0.85960   0.86049
        12   0.83833   0.84932   0.85050
        13   0.82699   0.83833   0.83912
        14   0.81638   0.82699   0.82780
        15   0.80898   0.81638   0.81778
        16   0.80185   0.80898   0.81083
        17   0.79358   0.80185   0.80275
        18   0.78538   0.79358   0.79475
        19   0.77630   0.78538   0.78587
        20   0.75727   0.77630   0.78587
        21   0.72931   0.75727   0.76019
        22   0.70266   0.72931   0.73217
        23   0.67798   0.70266   0.70571
        24   0.65389   0.67798   0.67984
        25   0.63068   0.65389   0.65654
        26   0.60739   0.63068   0.63347
        27   0.58821   0.60739   0.61027
        28   0.56879   0.58821   0.59081
        29   0.54946   0.56879   0.57140
        30   0.53029   0.54946   0.55212
        31   0.51034   0.53029   0.53246
        32   0.49532   0.51034   0.51323
        33   0.47958   0.49532   0.49770
        34   0.46392   0.47958   0.48224
        35   0.44829   0.46392   0.46680
        36   0.43486   0.44829   0.45122
        37   0.42102   0.43486   0.43752
        38   0.40976   0.42102   0.42400
        39   0.39777   0.40976   0.41209
        40   0.38586   0.39777   0.40026
        41   0.37399   0.38586   0.38846
        42   0.36234   0.37399   0.37690
        43   0.35028   0.36234   0.36490
        44   0.34087   0.35028   0.35311
        45   0.33120   0.34087   0.34348
        46   0.32151   0.33120   0.33384
        47   0.31141   0.32151   0.32380
        48   0.30134   0.31141   0.31378
        49   0.29159   0.30134   0.30408
        50   0.28507   0.29159   0.29410
        51   0.27695   0.28507   0.28601
        52   0.26919   0.27695   0.27827
        53   0.26124   0.26919   0.27034
        54   0.25324   0.26124   0.26236
        55   0.24523   0.25324   0.25438
        56   0.23743   0.24523   0.24661
        57   0.23161   0.23743   0.23876
        58   0.22578   0.23161   0.23294
        59   0.21973   0.22578   0.22690
        60   0.21391   0.21973   0.22108
        61   0.20727   0.21391   0.21496
# E0 =  2.3882     Rays from file a08-235.ray                13 May 99  22:09:10
# Counter data from files E-CTRS.DAT                 T-CTRS.DAT                 
# Energy from 0.19000 to 0.96000, step 0.00000, number 1.5400E+06       unif. k
# Angle  from  0.0000 to  0.0000, step 0.00000
#                                                             
#     Tctr      kmin kminfirst      kmax
         1   0.94455   0.95326   0.95326
         2   0.93485   0.94455   0.94549
         3   0.92264   0.93485   0.93554
         4   0.91384   0.92264   0.92344
         5   0.90530   0.91384   0.91493
         6   0.89588   0.90530   0.90618
         7   0.88792   0.89588   0.89714
         8   0.87908   0.88792   0.88880
         9   0.86954   0.87908   0.87976
        10   0.85978   0.86954   0.87095
        11   0.84951   0.85978   0.86067
        12   0.83851   0.84951   0.85069
        13   0.82716   0.83851   0.83931
        14   0.81655   0.82716   0.82797
        15   0.80915   0.81655   0.81795
        16   0.80201   0.80915   0.81100
        17   0.79374   0.80201   0.80292
        18   0.78553   0.79374   0.79491
        19   0.77644   0.78553   0.78603
        20   0.75738   0.77644   0.78603
        21   0.72938   0.75738   0.76030
        22   0.70269   0.72938   0.73224
        23   0.67799   0.70269   0.70574
        24   0.65388   0.67799   0.67984
        25   0.63065   0.65388   0.65652
        26   0.60729   0.63065   0.63343
        27   0.58806   0.60729   0.61016
        28   0.56860   0.58806   0.59065
        29   0.54922   0.56860   0.57119
        30   0.53004   0.54922   0.55186
        31   0.51006   0.53004   0.53219
        32   0.49499   0.51006   0.51294
        33   0.47921   0.49499   0.49736
        34   0.46352   0.47921   0.48186
        35   0.44785   0.46352   0.46639
        36   0.43440   0.44785   0.45077
        37   0.42055   0.43440   0.43704
        38   0.40927   0.42055   0.42351
        39   0.39728   0.40927   0.41160
        40   0.38537   0.39728   0.39975
        41   0.37349   0.38537   0.38795
        42   0.36185   0.37349   0.37638
        43   0.34978   0.36185   0.36439
        44   0.34037   0.34978   0.35260
        45   0.33069   0.34037   0.34297
        46   0.32099   0.33069   0.33332
        47   0.31090   0.32099   0.32328
        48   0.30083   0.31090   0.31326
        49   0.29110   0.30083   0.30356
        50   0.28458   0.29110   0.29359
        51   0.27647   0.28458   0.28551
        52   0.26870   0.27647   0.27777
        53   0.26074   0.26870   0.26984
        54   0.25274   0.26074   0.26186
        55   0.24475   0.25274   0.25387
        56   0.23699   0.24475   0.24612
        57   0.23118   0.23699   0.23830
        58   0.22538   0.23118   0.23251
        59   0.21934   0.22538   0.22649
        60   0.21353   0.21934   0.22069
        61   0.20689   0.21353   0.21458
# E0 =  2.9800     Rays from file a10-235.ray                13 May 99  22:11:09
# Counter data from files E-CTRS.DAT                 T-CTRS.DAT                 
# Energy from 0.19000 to 0.96000, step 0.00000, number 1.5400E+06       unif. k
# Angle  from  0.0000 to  0.0000, step 0.00000
#                                                             
#     Tctr      kmin kminfirst      kmax
         1   0.94465   0.95333   0.95333
         2   0.93489   0.94465   0.94560
         3   0.92267   0.93489   0.93559
         4   0.91386   0.92267   0.92347
         5   0.90535   0.91386   0.91496
         6   0.89593   0.90535   0.90623
         7   0.88797   0.89593   0.89720
         8   0.87914   0.88797   0.88885
         9   0.86961   0.87914   0.87982
        10   0.85986   0.86961   0.87103
        11   0.84958   0.85986   0.86076
        12   0.83860   0.84958   0.85077
        13   0.82724   0.83860   0.83940
        14   0.81662   0.82724   0.82806
        15   0.80921   0.81662   0.81803
        16   0.80207   0.80921   0.81107
        17   0.79380   0.80207   0.80298
        18   0.78558   0.79380   0.79497
        19   0.77649   0.78558   0.78609
        20   0.75741   0.77649   0.78609
        21   0.72940   0.75741   0.76034
        22   0.70269   0.72940   0.73226
        23   0.67797   0.70269   0.70573
        24   0.65385   0.67797   0.67982
        25   0.63062   0.65385   0.65649
        26   0.60728   0.63062   0.63339
        27   0.58804   0.60728   0.61014
        28   0.56856   0.58804   0.59062
        29   0.54917   0.56856   0.57114
        30   0.52994   0.54917   0.55180
        31   0.50992   0.52994   0.53207
        32   0.49485   0.50992   0.51278
        33   0.47907   0.49485   0.49720
        34   0.46339   0.47907   0.48170
        35   0.44774   0.46339   0.46624
        36   0.43431   0.44774   0.45065
        37   0.42045   0.43431   0.43694
        38   0.40916   0.42045   0.42340
        39   0.39714   0.40916   0.41147
        40   0.38519   0.39714   0.39960
        41   0.37329   0.38519   0.38777
        42   0.36164   0.37329   0.37618
        43   0.34958   0.36164   0.36418
        44   0.34017   0.34958   0.35239
        45   0.33049   0.34017   0.34275
        46   0.32079   0.33049   0.33311
        47   0.31071   0.32079   0.32307
        48   0.30065   0.31071   0.31306
        49   0.29090   0.30065   0.30337
        50   0.28438   0.29090   0.29340
        51   0.27626   0.28438   0.28530
        52   0.26851   0.27626   0.27756
        53   0.26058   0.26851   0.26964
        54   0.25260   0.26058   0.26169
        55   0.24462   0.25260   0.25373
        56   0.23686   0.24462   0.24599
        57   0.23105   0.23686   0.23817
        58   0.22524   0.23105   0.23237
        59   0.21921   0.22524   0.22635
        60   0.21341   0.21921   0.22055
        61   0.20678   0.21341   0.21445
# E0 =  4.1443     Rays from file a14-235.ray                13 May 99  22:12:51
# Counter data from files E-CTRS.DAT                 T-CTRS.DAT                 
# Energy from 0.19000 to 0.96000, step 0.00000, number 1.5400E+06       unif. k
# Angle  from  0.0000 to  0.0000, step 0.00000
#                                                             
#     Tctr      kmin kminfirst      kmax
         1   0.94476   0.95347   0.95347
         2   0.93500   0.94476   0.94570
         3   0.92276   0.93500   0.93569
         4   0.91396   0.92276   0.92355
         5   0.90543   0.91396   0.91505
         6   0.89601   0.90543   0.90631
         7   0.88804   0.89601   0.89726
         8   0.87920   0.88804   0.88891
         9   0.86965   0.87920   0.87986
        10   0.85989   0.86965   0.87106
        11   0.84960   0.85989   0.86077
        12   0.83860   0.84960   0.85077
        13   0.82724   0.83860   0.83938
        14   0.81661   0.82724   0.82804
        15   0.80918   0.81661   0.81800
        16   0.80203   0.80918   0.81103
        17   0.79374   0.80203   0.80293
        18   0.78552   0.79374   0.79490
        19   0.77641   0.78552   0.78600
        20   0.75731   0.77641   0.78600
        21   0.72926   0.75731   0.76019
        22   0.70247   0.72926   0.73207
        23   0.67770   0.70247   0.70548
        24   0.65349   0.67770   0.67950
        25   0.63017   0.65349   0.65609
        26   0.60675   0.63017   0.63290
        27   0.58745   0.60675   0.60957
        28   0.56791   0.58745   0.58999
        29   0.54848   0.56791   0.57046
        30   0.52922   0.54848   0.55108
        31   0.50917   0.52922   0.53131
        32   0.49407   0.50917   0.51200
        33   0.47825   0.49407   0.49638
        34   0.46251   0.47825   0.48085
        35   0.44681   0.46251   0.46534
        36   0.43333   0.44681   0.44969
        37   0.41945   0.43333   0.43593
        38   0.40815   0.41945   0.42237
        39   0.39613   0.40815   0.41044
        40   0.38419   0.39613   0.39857
        41   0.37230   0.38419   0.38674
        42   0.36064   0.37230   0.37515
        43   0.34857   0.36064   0.36315
        44   0.33915   0.34857   0.35136
        45   0.32946   0.33915   0.34171
        46   0.31976   0.32946   0.33206
        47   0.30966   0.31976   0.32201
        48   0.29959   0.30966   0.31198
        49   0.28986   0.29959   0.30229
        50   0.28335   0.28986   0.29233
        51   0.27524   0.28335   0.28425
        52   0.26748   0.27524   0.27652
        53   0.25952   0.26748   0.26859
        54   0.25153   0.25952   0.26061
        55   0.24353   0.25153   0.25263
        56   0.23577   0.24353   0.24488
        57   0.22997   0.23577   0.23707
        58   0.22417   0.22997   0.23127
        59   0.21815   0.22417   0.22526
        60   0.21236   0.21815   0.21947
        61   0.20575   0.21236   0.21338
# E0 =  5.1889     Rays from file a18-235.ray                13 May 99  22:16:46
# Counter data from files E-CTRS.DAT                 T-CTRS.DAT                 
# Energy from 0.19000 to 0.96000, step 0.00000, number 1.5400E+06       unif. k
# Angle  from  0.0000 to  0.0000, step 0.00000
#                                                             
#     Tctr      kmin kminfirst      kmax
         1   0.94519   0.95393   0.95393
         2   0.93529   0.94519   0.94613
         3   0.92297   0.93529   0.93596
         4   0.91409   0.92297   0.92374
         5   0.90552   0.91409   0.91516
         6   0.89603   0.90552   0.90637
         7   0.88799   0.89603   0.89726
         8   0.87908   0.88799   0.88884
         9   0.86948   0.87908   0.87971
        10   0.85965   0.86948   0.87084
        11   0.84927   0.85965   0.86049
        12   0.83815   0.84927   0.85040
        13   0.82668   0.83815   0.83888
        14   0.81594   0.82668   0.82743
        15   0.80844   0.81594   0.81729
        16   0.80123   0.80844   0.81025
        17   0.79286   0.80123   0.80208
        18   0.78456   0.79286   0.79397
        19   0.77537   0.78456   0.78499
        20   0.75616   0.77537   0.78499
        21   0.72784   0.75616   0.75888
        22   0.70080   0.72784   0.73048
        23   0.67578   0.70080   0.70363
        24   0.65135   0.67578   0.67741
        25   0.62782   0.65135   0.65378
        26   0.60418   0.62782   0.63039
        27   0.58471   0.60418   0.60685
        28   0.56502   0.58471   0.58710
        29   0.54543   0.56502   0.56742
        30   0.52601   0.54543   0.54788
        31   0.50578   0.52601   0.52795
        32   0.49054   0.50578   0.50849
        33   0.47461   0.49054   0.49274
        34   0.45877   0.47461   0.47708
        35   0.44296   0.45877   0.46147
        36   0.42939   0.44296   0.44573
        37   0.41542   0.42939   0.43188
        38   0.40406   0.41542   0.41825
        39   0.39199   0.40406   0.40624
        40   0.38000   0.39199   0.39432
        41   0.36806   0.38000   0.38245
        42   0.35635   0.36806   0.37082
        43   0.34423   0.35635   0.35876
        44   0.33476   0.34423   0.34692
        45   0.32504   0.33476   0.33724
        46   0.31531   0.32504   0.32755
        47   0.30519   0.31531   0.31747
        48   0.29510   0.30519   0.30743
        49   0.28534   0.29510   0.29772
        50   0.27879   0.28534   0.28774
        51   0.27066   0.27879   0.27963
        52   0.26289   0.27066   0.27188
        53   0.25494   0.26289   0.26394
        54   0.24694   0.25494   0.25596
        55   0.23895   0.24694   0.24799
        56   0.23120   0.23895   0.24024
        57   0.22539   0.23120   0.23244
        58   0.21961   0.22539   0.22665
        59   0.21360   0.21961   0.22065
        60   0.20782   0.21360   0.21487
        61   0.20124   0.20782   0.20879
# E0 =  5.5632     Rays from file a20-235.ray                13 May 99  22:20:54
# Counter data from files E-CTRS.DAT                 T-CTRS.DAT                 
# Energy from 0.19000 to 0.96000, step 0.00000, number 1.5400E+06       unif. k
# Angle  from  0.0000 to  0.0000, step 0.00000
#                                                             
#     Tctr      kmin kminfirst      kmax
         1   0.94531   0.95405   0.95405
         2   0.93535   0.94531   0.94626
         3   0.92300   0.93535   0.93604
         4   0.91409   0.92300   0.92377
         5   0.90547   0.91409   0.91515
         6   0.89594   0.90547   0.90631
         7   0.88786   0.89594   0.89717
         8   0.87890   0.88786   0.88870
         9   0.86923   0.87890   0.87952
        10   0.85933   0.86923   0.87059
        11   0.84888   0.85933   0.86016
        12   0.83769   0.84888   0.84999
        13   0.82613   0.83769   0.83839
        14   0.81531   0.82613   0.82685
        15   0.80776   0.81531   0.81664
        16   0.80049   0.80776   0.80956
        17   0.79205   0.80049   0.80132
        18   0.78369   0.79205   0.79314
        19   0.77443   0.78369   0.78408
        20   0.75510   0.77443   0.78408
        21   0.72655   0.75510   0.75774
        22   0.69928   0.72655   0.72910
        23   0.67405   0.69928   0.70203
        24   0.64943   0.67405   0.67558
        25   0.62572   0.64943   0.65177
        26   0.60187   0.62572   0.62818
        27   0.58222   0.60187   0.60444
        28   0.56239   0.58222   0.58453
        29   0.54265   0.56239   0.56469
        30   0.52310   0.54265   0.54500
        31   0.50275   0.52310   0.52495
        32   0.48740   0.50275   0.50537
        33   0.47136   0.48740   0.48951
        34   0.45541   0.47136   0.47375
        35   0.43950   0.45541   0.45803
        36   0.42584   0.43950   0.44219
        37   0.41179   0.42584   0.42825
        38   0.40036   0.41179   0.41455
        39   0.38821   0.40036   0.40248
        40   0.37615   0.38821   0.39048
        41   0.36415   0.37615   0.37853
        42   0.35241   0.36415   0.36684
        43   0.34025   0.35241   0.35475
        44   0.33075   0.34025   0.34288
        45   0.32099   0.33075   0.33317
        46   0.31124   0.32099   0.32344
        47   0.30109   0.31124   0.31334
        48   0.29098   0.30109   0.30327
        49   0.28120   0.29098   0.29354
        50   0.27464   0.28120   0.28355
        51   0.26650   0.27464   0.27543
        52   0.25873   0.26650   0.26767
        53   0.25077   0.25873   0.25973
        54   0.24279   0.25077   0.25175
        55   0.23482   0.24279   0.24378
        56   0.22708   0.23482   0.23605
        57   0.22130   0.22708   0.22827
        58   0.21554   0.22130   0.22251
        59   0.20957   0.21554   0.21654
        60   0.20382   0.20957   0.21080
        61   0.19727   0.20382   0.20475
# E0 =  5.8674     Rays from file a22-235.ray                13 May 99  22:32:13
# Counter data from files E-CTRS.DAT                 T-CTRS.DAT                 
# Energy from 0.19000 to 0.96000, step 0.00000, number 1.5400E+06       unif. k
# Angle  from  0.0000 to  0.0000, step 0.00000
#                                                             
#     Tctr      kmin kminfirst      kmax
         1   0.94534   0.95413   0.95413
         2   0.93530   0.94534   0.94629
         3   0.92287   0.93530   0.93599
         4   0.91391   0.92287   0.92364
         5   0.90524   0.91391   0.91497
         6   0.89565   0.90524   0.90608
         7   0.88754   0.89565   0.89688
         8   0.87854   0.88754   0.88837
         9   0.86882   0.87854   0.87915
        10   0.85888   0.86882   0.87017
        11   0.84838   0.85888   0.85969
        12   0.83713   0.84838   0.84948
        13   0.82550   0.83713   0.83782
        14   0.81462   0.82550   0.82621
        15   0.80703   0.81462   0.81593
        16   0.79973   0.80703   0.80881
        17   0.79126   0.79973   0.80054
        18   0.78285   0.79126   0.79233
        19   0.77354   0.78285   0.78323
        20   0.75413   0.77354   0.78323
        21   0.72543   0.75413   0.75672
        22   0.69801   0.72543   0.72792
        23   0.67266   0.69801   0.70069
        24   0.64790   0.67266   0.67412
        25   0.62408   0.64790   0.65018
        26   0.60016   0.62408   0.62648
        27   0.58043   0.60016   0.60267
        28   0.56050   0.58043   0.58268
        29   0.54067   0.56050   0.56274
        30   0.52104   0.54067   0.54297
        31   0.50060   0.52104   0.52282
        32   0.48518   0.50060   0.50316
        33   0.46907   0.48518   0.48725
        34   0.45306   0.46907   0.47142
        35   0.43710   0.45306   0.45563
        36   0.42341   0.43710   0.43974
        37   0.40933   0.42341   0.42578
        38   0.39786   0.40933   0.41204
        39   0.38568   0.39786   0.39994
        40   0.37358   0.38568   0.38791
        41   0.36153   0.37358   0.37593
        42   0.34973   0.36153   0.36419
        43   0.33752   0.34973   0.35203
        44   0.32798   0.33752   0.34011
        45   0.31819   0.32798   0.33036
        46   0.30841   0.31819   0.32061
        47   0.29824   0.30841   0.31048
        48   0.28811   0.29824   0.30039
        49   0.27832   0.28811   0.29063
        50   0.27175   0.27832   0.28063
        51   0.26362   0.27175   0.27251
        52   0.25585   0.26362   0.26476
        53   0.24790   0.25585   0.25682
        54   0.23991   0.24790   0.24885
        55   0.23193   0.23991   0.24087
        56   0.22419   0.23193   0.23313
        57   0.21840   0.22419   0.22536
        58   0.21264   0.21840   0.21959
        59   0.20665   0.21264   0.21361
        60   0.20090   0.20665   0.20786
        61   0.19434   0.20090   0.20180
# E0 =  6.1204     Rays from file a24-235.ray                13 May 99  22:35:42
# Counter data from files E-CTRS.DAT                 T-CTRS.DAT                 
# Energy from 0.19000 to 0.96000, step 0.00000, number 1.5400E+06       unif. k
# Angle  from  0.0000 to  0.0000, step 0.00000
#                                                             
#     Tctr      kmin kminfirst      kmax
         1   0.94544   0.95441   0.95441
         2   0.93534   0.94544   0.94643
         3   0.92284   0.93534   0.93604
         4   0.91386   0.92284   0.92362
         5   0.90515   0.91386   0.91494
         6   0.89551   0.90515   0.90601
         7   0.88735   0.89551   0.89675
         8   0.87830   0.88735   0.88820
         9   0.86856   0.87830   0.87892
        10   0.85859   0.86856   0.86992
        11   0.84805   0.85859   0.85941
        12   0.83674   0.84805   0.84916
        13   0.82506   0.83674   0.83743
        14   0.81414   0.82506   0.82577
        15   0.80651   0.81414   0.81546
        16   0.79917   0.80651   0.80830
        17   0.79066   0.79917   0.79999
        18   0.78220   0.79066   0.79174
        19   0.77284   0.78220   0.78258
        20   0.75335   0.77284   0.78258
        21   0.72456   0.75335   0.75595
        22   0.69704   0.72456   0.72706
        23   0.67160   0.69704   0.69973
        24   0.64676   0.67160   0.67306
        25   0.62285   0.64676   0.64904
        26   0.59886   0.62285   0.62525
        27   0.57905   0.59886   0.60138
        28   0.55905   0.57905   0.58131
        29   0.53917   0.55905   0.56130
        30   0.51948   0.53917   0.54147
        31   0.49898   0.51948   0.52126
        32   0.48353   0.49898   0.50154
        33   0.46738   0.48353   0.48559
        34   0.45133   0.46738   0.46973
        35   0.43537   0.45133   0.45389
        36   0.42165   0.43537   0.43800
        37   0.40752   0.42165   0.42401
        38   0.39602   0.40752   0.41023
        39   0.38383   0.39602   0.39809
        40   0.37173   0.38383   0.38605
        41   0.35969   0.37173   0.37406
        42   0.34789   0.35969   0.36232
        43   0.33569   0.34789   0.35018
        44   0.32615   0.33569   0.33827
        45   0.31637   0.32615   0.32852
        46   0.30658   0.31637   0.31877
        47   0.29639   0.30658   0.30863
        48   0.28624   0.29639   0.29852
        49   0.27644   0.28624   0.28875
        50   0.26987   0.27644   0.27874
        51   0.26173   0.26987   0.27061
        52   0.25396   0.26173   0.26285
        53   0.24600   0.25396   0.25492
        54   0.23800   0.24600   0.24693
        55   0.23001   0.23800   0.23895
        56   0.22227   0.23001   0.23120
        57   0.21648   0.22227   0.22342
        58   0.21072   0.21648   0.21766
        59   0.20475   0.21072   0.21168
        60   0.19900   0.20475   0.20594
        61   0.19244   0.19900   0.19989
         1     .9446     .9534     .9534
         2     .9349     .9446     .9455
         3     .9227     .9349     .9356
         4     .9139     .9227     .9235
         5     .9053     .9139     .9150
         6     .8959     .9053     .9062
         7     .8880     .8959     .8972
         8     .8792     .8880     .8889
         9     .8697     .8792     .8799
        10     .8599     .8697     .8711
        11     .8496     .8599     .8608
        12     .8386     .8496     .8508
        13     .8272     .8386     .8394
        14     .8166     .8272     .8280
        15     .8092     .8166     .8180
        16     .8021     .8092     .8111
        17     .7938     .8021     .8030
        18     .7856     .7938     .7950
        19     .7765     .7856     .7861
        20     .7574     .7765     .7861
        21     .7294     .7574     .7603
        22     .7027     .7294     .7322
        23     .6780     .7027     .7057
        24     .6539     .6780     .6798
        25     .6306     .6539     .6565
        26     .6073     .6306     .6334
        27     .5881     .6073     .6101
        28     .5686     .5881     .5906
        29     .5492     .5686     .5712
        30     .5300     .5492     .5518
        31     .5099     .5300     .5321
        32     .4948     .5099     .5128
        33     .4790     .4948     .4972
        34     .4633     .4790     .4817
        35     .4477     .4633     .4662
        36     .4342     .4477     .4506
        37     .4204     .4342     .4369
        38     .4091     .4204     .4233
        39     .3971     .4091     .4114
        40     .3852     .3971     .3996
        41     .3733     .3852     .3878
        42     .3617     .3733     .3762
        43     .3496     .3617     .3642
        44     .3402     .3496     .3524
        45     .3305     .3402     .3428
        46     .3208     .3305     .3331
        47     .3107     .3208     .3231
        48     .3007     .3107     .3131
        49     .2909     .3007     .3034
        50     .2844     .2909     .2934
        51     .2763     .2844     .2853
        52     .2685     .2763     .2776
        53     .2606     .2685     .2697
        54     .2526     .2606     .2617
        55     .2446     .2526     .2537
        56     .2369     .2446     .2460
        57     .2311     .2369     .2382
        58     .2253     .2311     .2324
        59     .2192     .2253     .2264
        60     .2134     .2192     .2206
        61     .2068     .2134     .2145

