#
  73           3            0            161          4            10           60           800             400          
  73           3            1            152          4            10           60           800             400          
  73           3            2            173          4            10           60           800             400          
  73           3            3            161          4            10           60           800             400          
  73           3            4            165          4            10           60           800             400          
  73           3            5            160          4            10           60           800             400          
  73           3            6            166          4            10           60           800             400          
  73           3            7            223          4            10           60           800             400          
  73           3            8            182          4            10           60           800             400          
  73           3            9            270          4            10           60           800             400          
  73           3            10           186          4            10           60           800             400          
  73           3            11           137          4            10           60           800             400          
  73           3            12           200          4            10           60           800             400          
  73           3            13           167          4            10           60           800             400          
  73           3            14           191          4            10           60           800             400          
  73           3            15           179          4            10           60           800             400          
  73           4            0            197          4            10           60           800             400          
  73           4            1            203          4            10           60           800             400          
  73           4            2            185          4            10           60           800             400          
  73           4            3            179          4            10           60           800             400          
  73           4            4            218          4            10           60           800             400          
  73           4            5            226          4            10           60           800             400          
  73           4            6            167          4            10           60           800             400          
  73           4            7            194          4            10           60           800             400          
  73           4            8            208          4            10           60           800             400          
  73           4            9            178          4            10           60           800             400          
  73           4            10           197          4            10           60           800             400          
  73           4            11           164          4            10           60           800             400          
  73           4            12           193          4            10           60           800             400          
  73           4            13           207          4            10           60           800             400          
  73           4            14           189          4            10           60           800             400          
  73           4            15           183          4            10           60           800             400          
  73           5            0            147          4            10           60           800             400          
  73           5            1            143          4            10           60           800             400          
  73           5            2            176          4            10           60           800             400          
  73           5            3            155          4            10           60           800             400          
  73           5            4            154          4            10           60           800             400          
  73           5            5            177          4            10           60           800             400          
  73           5            6            171          4            10           60           800             400          
  73           5            7            181          4            10           60           800             400          
  73           5            8            198          4            10           60           800             400          
  73           5            9            171          4            10           60           800             400          
  73           5            10           219          4            10           60           800             400          
  73           5            11           163          4            10           60           800             400          
  73           5            12           141          4            10           60           800             400          
  73           5            13           199          4            10           60           800             400          
  73           5            14           148          4            10           60           800             400          
  73           5            15           206          4            10           60           800             400          
  73           6            0            162          4            10           60           800             400          
  73           6            1            191          4            10           60           800             400          
  73           6            2            174          4            10           60           800             400          
  73           6            3            126          4            10           60           800             400          
  73           6            4            117          4            10           60           800             400          
  73           6            5            210          4            10           60           800             400          
  73           6            6            165          4            10           60           800             400          
  73           6            7            157          4            10           60           800             400          
  73           6            8            199          4            10           60           800             400          
  73           6            9            214          4            10           60           800             400          
  73           6            10           179          4            10           60           800             400          
  73           6            11           166          4            10           60           800             400          
  73           6            12           226          4            10           60           800             400          
  73           6            13           196          4            10           60           800             400          
  73           6            14           175          4            10           60           800             400          
  73           6            15           185          4            10           60           800             400          
  73           7            0            202          4            10           60           800             400          
  73           7            1            192          4            10           60           800             400          
  73           7            2            223          4            10           60           800             400          
  73           7            3            200          4            10           60           800             400          
  73           7            4            217          4            10           60           800             400          
  73           7            5            228          4            10           60           800             400          
  73           7            6            227          4            10           60           800             400          
  73           7            7            212          4            10           60           800             400          
  73           7            8            220          4            10           60           800             400          
  73           7            9            187          4            10           60           800             400          
  73           7            10           212          4            10           60           800             400          
  73           7            11           220          4            10           60           800             400          
  73           7            12           203          4            10           60           800             400          
  73           7            13           176          4            10           60           800             400          
  73           7            14           211          4            10           60           800             400          
  73           7            15           182          4            10           60           800             400          
  73           8            0            196          4            10           60           800             400          
  73           8            1            176          4            10           60           800             400          
  73           8            2            166          4            10           60           800             400          
  73           8            3            119          4            10           60           800             400          
  73           8            4            214          4            10           60           800             400          
  73           8            5            201          4            10           60           800             400          
  73           8            6            191          4            10           60           800             400          
  73           8            7            201          4            10           60           800             400          
  73           8            8            224          4            10           60           800             400          
  73           8            9            240          4            10           60           800             400          
  73           8            10           243          4            10           60           800             400          
  73           8            11           226          4            10           60           800             400          
  73           8            12           215          4            10           60           800             400          
  73           8            13           250          4            10           60           800             400          
  73           8            14           220          4            10           60           800             400          
  73           8            15           244          4            10           60           800             400          
  73           9            0            158          4            10           60           800             400          
  73           9            1            174          4            10           60           800             400          
  73           9            2            160          4            10           60           800             400          
  73           9            3            131          4            10           60           800             400          
  73           9            4            150          4            10           60           800             400          
  73           9            5            157          4            10           60           800             400          
  73           9            6            176          4            10           60           800             400          
  73           9            7            191          4            10           60           800             400          
  73           9            8            156          4            10           60           800             400          
  73           9            9            168          4            10           60           800             400          
  73           9            10           176          4            10           60           800             400          
  73           9            11           161          4            10           60           800             400          
  73           9            12           163          4            10           60           800             400          
  73           9            13           176          4            10           60           800             400          
  73           9            14           165          4            10           60           800             400          
  73           9            15           160          4            10           60           800             400          
  73           10           0            181          4            10           60           800             400          
  73           10           1            200          4            10           60           800             400          
  73           10           2            212          4            10           60           800             400          
  73           10           3            182          4            10           60           800             400          
  73           10           4            250          4            10           60           800             400          
  73           10           5            202          4            10           60           800             400          
  73           10           6            210          4            10           60           800             400          
  73           10           7            188          4            10           60           800             400          
  73           10           8            157          4            10           60           800             400          
  73           10           9            160          4            10           60           800             400          
  73           10           10           172          4            10           60           800             400          
  73           10           11           145          4            10           60           800             400          
  73           10           12           162          4            10           60           800             400          
  73           10           13           138          4            10           60           800             400          
  73           10           14           156          4            10           60           800             400          
  73           10           15           169          4            10           60           800             400          
  73           13           0            181          4            10           60           800             400          
  73           13           1            165          4            10           60           800             400          
  73           13           2            168          4            10           60           800             400          
  73           13           3            164          4            10           60           800             400          
  73           13           4            161          4            10           60           800             400          
  73           13           5            160          4            10           60           800             400          
  73           13           6            116          4            10           60           800             400          
  73           13           7            213          4            10           60           800             400          
  73           13           8            192          4            10           60           800             400          
  73           13           9            149          4            10           60           800             400          
  73           13           10           166          4            10           60           800             400          
  73           13           11           164          4            10           60           800             400          
  73           13           12           186          4            10           60           800             400          
  73           13           13           176          4            10           60           800             400          
  73           13           14           166          4            10           60           800             400          
  73           13           15           155          4            10           60           800             400          
