#
# File generated automatically by DAQ running in RAW mode at Mon Oct 15 17:13:09 2018
#
FADC250_CRATE adcband1
FADC250_SLOT 3
FADC250_ALLCH_PED   126.183  135.841  115.668  109.385  146.673  160.474  100.493  128.564  142.796  115.819  131.984  105.588  130.783  148.371  130.620  122.647
FADC250_SLOT 4
FADC250_ALLCH_PED   135.140  122.678  147.015  137.128  149.756  154.606  133.869   96.579  102.855  124.503  119.399  149.098  110.168  130.745  103.536  151.549
FADC250_SLOT 5
FADC250_ALLCH_PED   118.027  104.530  124.644  113.133  146.689  110.443   72.717  118.113  115.060  141.365   96.018  104.841  143.317  149.454  123.412  141.312
FADC250_SLOT 6
FADC250_ALLCH_PED   127.999  128.208  146.299  129.583  127.257  132.435  137.648  136.806  145.849  150.888  150.472  113.646   99.840  113.709   99.441  127.890
FADC250_SLOT 7
FADC250_ALLCH_PED   145.428  133.921  144.322  145.658  125.853  150.526  130.227  165.976  131.678  161.765  127.637  124.622  130.103  216.252  118.611  139.460
FADC250_SLOT 8
FADC250_ALLCH_PED   116.315  133.665  103.684   87.107   61.503  120.899  115.582  117.852  129.075  126.071   94.736  112.771   70.932  114.921  107.780   97.177
FADC250_SLOT 10
FADC250_ALLCH_PED   197.336   83.293   96.052  115.789  136.041  122.997  126.558  111.052  120.018  110.796  138.048   71.988  136.688  112.991   89.981  127.329
FADC250_CRATE end
