FADC250_SLOT 3
FADC250_ALLCH_PED  139.349  111.183   91.162  132.855  121.677   87.214  159.167  100.642  133.305  137.997  115.296  144.578  137.171  118.205  133.020  153.647
FADC250_SLOT 4
FADC250_ALLCH_PED  139.171  113.745  133.627  117.813  103.670  170.752  161.791  139.020  147.901  124.332  148.363  127.494  150.013  137.439  148.139  123.304
FADC250_SLOT 5
FADC250_ALLCH_PED   98.664   77.073   98.750  125.791  128.045  111.002  108.643  145.565  124.711  129.507  101.479  141.186  128.357  105.038  116.754  118.785
FADC250_SLOT 6
FADC250_ALLCH_PED   95.692  108.646  121.017  111.661  142.151  115.608   88.998   94.044  118.185  163.763  120.540  131.593   97.689  152.743  106.423  123.151
FADC250_SLOT 7
FADC250_ALLCH_PED  178.596  108.369  110.853  127.193  133.479  146.466  129.092  117.875  149.428  134.345  123.829  111.952  123.206  138.762  126.425  144.414
FADC250_SLOT 8
FADC250_ALLCH_PED  116.621  125.399   89.096   99.157  103.821   83.247  121.894  136.209   85.168  153.993  112.772   79.250  106.617   91.354   81.766   94.496
FADC250_SLOT 9
FADC250_ALLCH_PED  124.024  183.765  159.602  157.145  121.156  104.618  114.677  119.546  110.589  173.159  149.416  116.152  136.642  138.478  141.678  165.214
FADC250_SLOT 14
FADC250_ALLCH_PED  153.615  150.304  115.632  103.254  123.491  140.072  127.323  114.337  158.066  152.063  123.965  140.241  107.678  149.968   92.498  129.339
FADC250_SLOT 15
FADC250_ALLCH_PED   99.909  131.130   92.537   88.580  110.025  124.414  122.722  121.734  113.536  114.825  124.252   84.587  102.151  118.932  159.958   79.192
FADC250_SLOT 16
FADC250_ALLCH_PED  109.238  110.798   94.724   93.461  102.038  121.237  106.935  103.627  122.928  100.062  155.430  116.054  118.344  140.440   90.412   98.574
FADC250_SLOT 17
FADC250_ALLCH_PED  116.588  128.965  112.976  104.676  111.045  123.960  116.234  111.565  127.733  116.848  118.354  114.158  114.325  107.684  161.532  120.827
FADC250_SLOT 18
FADC250_ALLCH_PED  141.731  128.735  115.904  143.893  139.281  140.679  144.257  105.786  102.814  109.766  142.459  181.612  140.077  117.458  129.649  157.755
FADC250_SLOT 19
FADC250_ALLCH_PED  118.213  136.429  144.243  102.479   93.512  140.823   89.726   90.458   94.633  119.688  114.173   97.813  131.400  142.942  102.212  143.681
FADC250_SLOT 20
FADC250_ALLCH_PED  115.699  111.615  123.130  113.080   91.872  111.191  115.082   73.635  115.075  115.408   93.289   85.777  127.537  146.164  168.295  121.354
