# yup
FADC250_CRATE  hps1
FADC250_SLOT all
FADC250_DAC 3280
FADC250_SLOT  3
FADC250_ALLCH_PED  124.729  58.177 100.372  97.915 115.122 123.172  99.425 132.094 138.944 139.204 136.099 139.212  93.624 130.962 106.341 119.166
FADC250_SLOT  4
FADC250_ALLCH_PED  103.400  96.933  83.870  90.894 116.914  78.030 157.337  66.150 103.596  95.398  63.125 104.623  62.783 129.533  90.119 122.226
FADC250_SLOT  5
FADC250_ALLCH_PED   88.389 144.622  95.765 117.982  97.231 127.252 111.750 133.222  87.868 144.940 112.159 125.185 100.791 113.120  88.444 121.250
FADC250_SLOT  6
FADC250_ALLCH_PED  130.566 103.411 166.785 162.101 156.611 149.917 128.444 108.939 131.234 141.498  86.864 125.591 137.258 113.246 101.359 124.441
FADC250_SLOT  7
FADC250_ALLCH_PED  126.355 139.678 131.119 126.939 127.578 107.737 144.249 147.616 113.548 109.104 128.372 122.991 102.084 113.804 116.348 106.876
FADC250_SLOT  8
FADC250_ALLCH_PED  142.953 134.814  98.824 124.754 127.869 109.512 125.869 120.208 115.709  93.502 139.332 136.596 156.505 115.568 128.892  51.933
FADC250_SLOT  9
FADC250_ALLCH_PED  126.214 141.245 108.747 113.355 128.587 120.376 131.740 139.381 108.219 127.106 121.996  85.430 126.140 105.110  97.019 138.724
FADC250_SLOT  14
FADC250_ALLCH_PED   96.408 101.997 130.601 102.551 116.196 114.697 169.329 142.738 129.067  94.148 123.884 113.819 130.835 123.141 113.645 112.373
FADC250_SLOT  15
FADC250_ALLCH_PED  105.529 149.772 107.299 187.666 140.714 150.856 144.797 150.552 112.587 164.866 105.369 133.153 110.062 131.124 144.244 121.736
FADC250_SLOT  16
FADC250_ALLCH_PED  112.906 144.134 118.264 136.614 158.355  83.335 112.717 112.573  80.664 109.292  87.218 132.793 128.031 108.323 105.795 116.744
FADC250_SLOT  17
FADC250_ALLCH_PED   94.633  93.850 127.836 120.445 141.242  92.969 121.899 121.420 118.267  85.644 133.716  99.771  92.427  96.514  69.970 104.867
FADC250_SLOT  18
FADC250_ALLCH_PED  103.000 124.486 141.754  91.056 144.074 107.646 129.304 131.125 130.744 115.645 115.351 136.301  87.764 162.447 135.860 137.572
FADC250_SLOT  19
FADC250_ALLCH_PED  110.812 129.325 129.598  54.803  92.855 145.057 127.725 135.590 126.344 121.308 141.950 123.177 132.399 106.950 120.587 134.367
FADC250_SLOT  20
FADC250_ALLCH_PED  111.502  92.516 107.733 127.885  81.783 117.096 105.521  86.459 125.872  83.583 102.750  98.770 108.622 200.000 200.000 200.000
FADC250_CH_TET 13 3000
FADC250_CH_TET 14 3000
FADC250_CH_TET 15 3000
FADC250_CRATE end
FADC250_CRATE  hps2
FADC250_SLOT all
FADC250_DAC 3280
FADC250_SLOT  3
FADC250_ALLCH_PED  140.735 112.236  92.497 134.831 122.899  88.599 157.645 101.778 134.973 139.234 114.950 147.963 137.083 119.371 132.795 155.270
FADC250_SLOT  4
FADC250_ALLCH_PED  139.223 116.493 134.458 117.226 107.798 173.681 163.017 139.044 149.702 125.742 146.271 130.000 149.778 138.952 148.589 124.645
FADC250_SLOT  5
FADC250_ALLCH_PED   99.704  79.990  98.895 126.453 126.481 113.891 110.048 143.690 127.239 129.462 101.352 142.480 126.893 104.686 117.981 119.707
FADC250_SLOT  6
FADC250_ALLCH_PED   97.709 113.641 121.408 111.523 144.176 119.372  91.310  92.045 121.923 163.665 121.908 131.701  94.874 153.090 105.619 125.711
FADC250_SLOT  7
FADC250_ALLCH_PED  179.134 110.875 110.244 127.440 136.697 149.591 131.611 116.291 149.272 134.619 121.552 111.778 120.195 138.638 126.228 145.586
FADC250_SLOT  8
FADC250_ALLCH_PED  117.374 127.166  91.785 100.240 107.542  86.814 123.029 135.297  86.748 153.299 113.819  79.006 106.013  92.659  81.905  95.954
FADC250_SLOT  9
FADC250_ALLCH_PED  124.206 183.991 160.415 157.000 123.575 106.578 115.525 119.327 112.973 172.608 146.904 118.091 134.833 138.827 139.703 166.473
FADC250_SLOT  14
FADC250_ALLCH_PED  153.086 151.816 117.170 102.687 125.684 142.218 127.782 114.210 158.969 152.119 122.638 142.583 104.921 151.183  93.195 130.613
FADC250_SLOT  15
FADC250_ALLCH_PED   95.431 130.810  94.116  88.770 108.365 125.587 121.638 122.810 110.191 114.970 123.351  86.433 103.002 119.253 160.559  80.175
FADC250_SLOT  16
FADC250_ALLCH_PED  109.697 114.499  95.904  95.125 106.158 123.539 108.619 103.568 124.110  99.899 154.634 118.457 116.094 142.237  90.539 100.495
FADC250_SLOT  17
FADC250_ALLCH_PED  117.889 130.424 115.099 106.077 114.249 126.123 115.934 111.685 128.858 118.248 117.725 116.912 115.324 109.242 161.982 122.245
FADC250_SLOT  18
FADC250_ALLCH_PED  141.920 128.746 116.768 144.519 140.685 141.454 143.691 105.650 103.442 109.925 140.403 182.085 140.228 117.869 129.708 157.552
FADC250_SLOT  19
FADC250_ALLCH_PED  119.287 138.815 144.345 102.717  94.858 143.438  91.494  89.146  97.076 119.678 112.433  99.692 129.841 143.627 101.285 144.373
FADC250_SLOT  20
FADC250_ALLCH_PED  115.747 114.471 125.073 114.333  94.332 114.271 115.668  75.055 116.233 115.968  91.934  88.001 127.579 200.000 200.000 200.000
FADC250_CH_TET 13 3000
FADC250_CH_TET 14 3000
FADC250_CH_TET 15 3000
FADC250_CRATE end
