FADC250_CRATE  hps1
FADC250_SLOT  3
FADC250_ALLCH_PED  124.400  56.267  97.300  96.300 110.533 119.667  98.367 130.933 137.033 140.167 137.433 135.900  92.267 128.633 102.467 117.133
FADC250_SLOT  4
FADC250_ALLCH_PED  103.767  96.233  80.933  87.733 112.467  77.767 158.167  63.733 101.300  92.933  64.233  99.000  59.533 128.600  87.400 120.833
FADC250_SLOT  5
FADC250_ALLCH_PED   85.167 141.033  93.167 115.833  91.100 121.833 111.333 131.600  86.100 142.567 112.167 118.167  97.633 110.467  87.233 120.133
FADC250_SLOT  6
FADC250_ALLCH_PED  128.867  98.200 163.867 159.400 151.700 145.100 127.300 105.433 127.767 138.700  87.700 121.267 136.200 111.033  99.967 120.733
FADC250_SLOT  7
FADC250_ALLCH_PED  123.967 136.233 128.367 125.700 120.567 103.867 143.000 146.200 111.000  82.067 127.933 118.767 102.067 111.900 114.200 105.967
FADC250_SLOT  8
FADC250_ALLCH_PED  140.867 131.467  96.400 122.467 122.567 106.033 124.000 115.933 112.933  90.367 139.533 132.000 154.367 111.900 125.300  48.833
FADC250_SLOT  9
FADC250_ALLCH_PED  123.200 137.967 105.067 111.267 125.233 116.867 129.300 138.000 105.100 122.833 122.167  78.367 124.367 103.500  94.933 135.400
FADC250_SLOT  14
FADC250_ALLCH_PED   93.200  97.200 126.067  99.167 109.133 110.467 168.133 141.433 127.000  91.900 124.100 106.967 130.600 119.267 110.433 109.267
FADC250_SLOT  15
FADC250_ALLCH_PED  106.933 146.533 104.833 185.867 139.400 147.200 143.500 149.367 112.700 162.367 104.400 128.467 110.067 128.700 141.367 118.000
FADC250_SLOT  16
FADC250_ALLCH_PED  112.000 142.867 116.000 136.133 153.033  81.900 111.833 110.533  76.800 108.367  91.933 127.967 129.467 104.900 103.933 115.233
FADC250_SLOT  17
FADC250_ALLCH_PED   93.433  93.500 124.000 117.767 136.833  92.733 121.933 119.000 117.700  84.833 133.667  96.633  89.633  94.800  69.567 104.833
FADC250_SLOT  18
FADC250_ALLCH_PED  107.167 122.033 135.700 104.133 132.867 128.200 129.967 116.633  77.733 103.967 103.867 116.667 160.833 140.033 141.033 120.267
FADC250_SLOT  19
FADC250_ALLCH_PED  110.067 128.900 126.467  52.633  87.633 142.700 127.067 134.400 123.667 119.633 143.467 118.700 132.700 104.367 119.700 133.600
FADC250_SLOT  20
FADC250_ALLCH_PED  111.467  89.967 104.533 126.633  78.933 115.300 104.933  86.200 124.100  83.100 106.233  94.467 105.633  78.367  99.767 131.500
FADC250_CRATE  hps2
FADC250_SLOT  3
FADC250_ALLCH_PED  137.867 109.433  89.833 131.067 119.667  85.467 159.567 100.000 131.967 137.100 113.900 142.333 137.067 117.800 132.400 154.200
FADC250_SLOT  4
FADC250_ALLCH_PED  137.767 111.633 132.433 115.767 101.733 168.533 159.967 137.167 146.100 122.367 146.600 125.867 148.567 137.067 145.533 120.233
FADC250_SLOT  5
FADC250_ALLCH_PED   97.733  76.733  98.467 124.400 126.467 110.667 108.133 144.067 123.767 128.533 100.767 139.667 128.067 105.133 116.267 117.700
FADC250_SLOT  6
FADC250_ALLCH_PED   94.367 108.500 118.900 110.300 141.200 114.700  87.700  92.300 116.433 163.167 120.567 130.500  96.967 153.067 104.733 122.633
FADC250_SLOT  7
FADC250_ALLCH_PED  176.833 106.100 109.067 126.533 133.500 145.733 128.967 116.867 147.900 132.367 122.200 110.867 122.400 136.800 124.733 143.300
FADC250_SLOT  8
FADC250_ALLCH_PED  114.267 123.033  88.300  99.033 102.100  82.900 120.333 135.367  83.667 152.333 112.667  78.533 105.500  89.967  80.033  92.733
FADC250_SLOT  9
FADC250_ALLCH_PED  121.500 181.733 158.733 154.600 118.167 103.333 113.800 118.267 109.033 172.467 148.133 114.333 135.067 137.133 138.500 163.700
FADC250_SLOT  14
FADC250_ALLCH_PED  151.000 146.833 112.867 101.100 121.333 137.600 124.433 111.700 156.500 148.500 122.400 137.067 105.767 147.733  90.133 127.767
FADC250_SLOT  15
FADC250_ALLCH_PED   96.800 129.533  90.800  85.700 108.733 122.267 120.033 119.967 112.033 114.100 122.067  82.600 100.333 116.700 158.967  78.600
FADC250_SLOT  16
FADC250_ALLCH_PED  108.067 109.667  92.433  91.167 101.300 120.100 106.333 101.233 121.433  98.767 153.667 115.033 116.167 139.667  90.500  98.233
FADC250_SLOT  17
FADC250_ALLCH_PED  115.300 127.267 111.600 103.333 109.967 122.667 115.067 109.900 125.567 116.833 117.233 113.433 114.433 105.333 160.800 119.967
FADC250_SLOT  18
FADC250_ALLCH_PED  141.167 127.800 114.833 142.967 139.733 140.200 143.633 105.167 102.333 109.000 141.700 181.467 141.300 116.533 128.667 155.867
FADC250_SLOT  19
FADC250_ALLCH_PED  115.700 133.400 142.367 100.700  91.233 138.567  86.733  89.467  93.167 118.400 113.133  95.067 129.100 142.100 100.200 141.467
FADC250_SLOT  20
FADC250_ALLCH_PED  116.033 112.133 123.333 113.533  90.600 110.867 113.700  73.267 114.567 114.667  92.933  84.800 126.700 119.167 143.200  94.833
