 3  0 123.961   3.000   0
 3  1  58.605   3.000   0
 3  2  99.052   3.000   0
 3  3  97.147   3.000   0
 3  4 114.445   3.000   0
 3  5 121.982   3.000   0
 3  6  99.220   3.000   0
 3  7 131.206   3.000   0
 3  8 138.233   3.000   0
 3  9 140.126   3.000   0
 3 10 135.702   3.000   0
 3 11 139.473   3.000   0
 3 12  92.788   3.000   0
 3 13 129.249   3.000   0
 3 14 104.253   3.000   0
 3 15 118.358   3.000   0
 4  0 102.688   3.000   0
 4  1  97.311   3.000   0
 4  2  82.313   3.000   0
 4  3  89.204   3.000   0
 4  4 117.248   3.000   0
 4  5  76.445   3.000   0
 4  6 156.875   3.000   0
 4  7  64.998   3.000   0
 4  8 101.475   3.000   0
 4  9  94.426   3.000   0
 4 10  61.258   3.000   0
 4 11 102.622   3.000   0
 4 12  62.097   3.000   0
 4 13 129.862   3.000   0
 4 14  89.524   3.000   0
 4 15 120.146   3.000   0
 5  0  87.324   3.000   0
 5  1 143.581   3.000   0
 5  2  95.964   3.000   0
 5  3 117.646   3.000   0
 5  4  96.377   3.000   0
 5  5 125.759   3.000   0
 5  6 111.115   3.000   0
 5  7 131.975   3.000   0
 5  8  87.673   3.000   0
 5  9 143.971   3.000   0
 5 10 111.559   3.000   0
 5 11 123.432   3.000   0
 5 12 100.142   3.000   0
 5 13 113.376   3.000   0
 5 14  87.739   3.000   0
 5 15 120.254   3.000   0
 6  0 129.300   3.000   0
 6  1 100.104   3.000   0
 6  2 165.070   3.000   0
 6  3 161.011   3.000   0
 6  4 155.633   3.000   0
 6  5 147.655   3.000   0
 6  6 127.168   3.000   0
 6  7 105.723   3.000   0
 6  8 129.096   3.000   0
 6  9 138.554   3.000   0
 6 10  83.606   3.000   0
 6 11 125.293   3.000   0
 6 12 135.644   3.000   0
 6 13 112.398   3.000   0
 6 14 100.346   3.000   0
 6 15 121.897   3.000   0
 7  0 124.437   3.000   0
 7  1 139.592   3.000   0
 7  2 129.752   3.000   0
 7  3 126.516   3.000   0
 7  4 125.011   3.000   0
 7  5 107.351   3.000   0
 7  6 143.746   3.000   0
 7  7 146.587   3.000   0
 7  8 111.777   3.000   0
 7  9  82.368   3.000   0
 7 10 125.290   3.000   0
 7 11 122.470   3.000   0
 7 12 101.814   3.000   0
 7 13 113.087   3.000   0
 7 14 114.643   3.000   0
 7 15 106.645   3.000   0
 8  0 140.916   3.000   0
 8  1 133.556   3.000   0
 8  2  97.102   3.000   0
 8  3 123.223   3.000   0
 8  4 126.361   3.000   0
 8  5 107.842   3.000   0
 8  6 123.394   3.000   0
 8  7 117.528   3.000   0
 8  8 113.598   3.000   0
 8  9  92.657   3.000   0
 8 10 136.584   3.000   0
 8 11 135.755   3.000   0
 8 12 153.910   3.000   0
 8 13 114.067   3.000   0
 8 14 125.801   3.000   0
 8 15  51.525   3.000   0
 9  0 123.509   3.000   0
 9  1 139.235   3.000   0
 9  2 106.796   3.000   0
 9  3 112.274   3.000   0
 9  4 126.956   3.000   0
 9  5 118.915   3.000   0
 9  6 130.171   3.000   0
 9  7 136.678   3.000   0
 9  8 105.970   3.000   0
 9  9 124.998   3.000   0
 9 10 119.932   3.000   0
 9 11  82.454   3.000   0
 9 12 123.436   3.000   0
 9 13 102.958   3.000   0
 9 14  94.954   3.000   0
 9 15 135.827   3.000   0
14  0  93.175   3.000   0
14  1  99.406   3.000   0
14  2 128.170   3.000   0
14  3 100.796   3.000   0
14  4 113.672   3.000   0
14  5 112.498   3.000   0
14  6 168.626   3.000   0
14  7 139.759   3.000   0
14  8 127.573   3.000   0
14  9  91.717   3.000   0
14 10 122.367   3.000   0
14 11 111.290   3.000   0
14 12 131.237   3.000   0
14 13 120.460   3.000   0
14 14 111.568   3.000   0
14 15 110.117   3.000   0
15  0 107.187   3.000   0
15  1 148.484   3.000   0
15  2 104.225   3.000   0
15  3 185.515   3.000   0
15  4 142.087   3.000   0
15  5 150.377   3.000   0
15  6 144.164   3.000   0
15  7 149.295   3.000   0
15  8 113.614   3.000   0
15  9 163.332   3.000   0
15 10 103.299   3.000   0
15 11 128.593   3.000   0
15 12 110.160   3.000   0
15 13 129.949   3.000   0
15 14 141.440   3.000   0
15 15 118.216   3.000   0
16  0 112.967   3.000   0
16  1 144.461   3.000   0
16  2 118.480   3.000   0
16  3 137.658   3.000   0
16  4 157.186   3.000   0
16  5  82.839   3.000   0
16  6 111.742   3.000   0
16  7 110.137   3.000   0
16  8  79.362   3.000   0
16  9 108.337   3.000   0
16 10  86.399   3.000   0
16 11 131.783   3.000   0
16 12 128.242   3.000   0
16 13 106.380   3.000   0
16 14 103.589   3.000   0
16 15 115.957   3.000   0
17  0  93.130   3.000   0
17  1  93.293   3.000   0
17  2 125.875   3.000   0
17  3 118.899   3.000   0
17  4 139.968   3.000   0
17  5  92.480   3.000   0
17  6 121.118   3.000   0
17  7 120.419   3.000   0
17  8 117.620   3.000   0
17  9  86.084   3.000   0
17 10 133.100   3.000   0
17 11  99.369   3.000   0
17 12  91.372   3.000   0
17 13  95.826   3.000   0
17 14  70.506   3.000   0
17 15 104.670   3.000   0
18  0 107.786   3.000   0
18  1 123.267   3.000   0
18  2 137.074   3.000   0
18  3 104.624   3.000   0
18  4 135.173   3.000   0
18  5 128.922   3.000   0
18  6 129.507   3.000   0
18  7 117.200   3.000   0
18  8  78.343   3.000   0
18  9 104.119   3.000   0
18 10 102.492   3.000   0
18 11 119.217   3.000   0
18 12 162.110   3.000   0
18 13 140.890   3.000   0
18 14 141.257   3.000   0
18 15 119.950   3.000   0
19  0 109.636   3.000   0
19  1 129.511   3.000   0
19  2 128.051   3.000   0
19  3  53.311   3.000   0
19  4  91.369   3.000   0
19  5 144.773   3.000   0
19  6 127.073   3.000   0
19  7 134.327   3.000   0
19  8 124.925   3.000   0
19  9 121.135   3.000   0
19 10 141.379   3.000   0
19 11 121.997   3.000   0
19 12 131.852   3.000   0
19 13 105.625   3.000   0
19 14 120.376   3.000   0
19 15 133.574   3.000   0
20  0 111.468   3.000   0
20  1  92.954   3.000   0
20  2 106.870   3.000   0
20  3 128.586   3.000   0
20  4  82.531   3.000   0
20  5 116.950   3.000   0
20  6 104.948   3.000   0
20  7  86.550   3.000   0
20  8 124.754   3.000   0
20  9  83.608   3.000   0
20 10 103.613   3.000   0
20 11  98.162   3.000   0
20 12 107.959   3.000   0
20 13  78.598   3.000   0
20 14  99.678   3.000   0
20 15 137.000   3.000   0
