         1        36        36     0.991     0.323     0.987
         2        35        36     0.991     0.333     0.956
         2        36        35     0.970     0.333     0.986
         2        36        36     0.982     0.328     0.975
         3        34        36     0.992     0.344     0.926
         3        35        35     0.967     0.344     0.956
         3        35        36     0.978     0.339     0.944
         3        36        34     0.939     0.344     0.986
         3        36        35     0.950     0.339     0.974
         4        33        36     0.992     0.355     0.897
         4        34        35     0.967     0.355     0.926
         4        34        36     0.978     0.350     0.914
         4        35        34     0.939     0.355     0.956
         4        35        35     0.950     0.350     0.944
         4        36        33     0.912     0.355     0.987
         4        36        34     0.922     0.350     0.975
         5        32        36     0.992     0.367     0.869
         5        33        35     0.967     0.367     0.897
         5        33        36     0.978     0.361     0.885
         5        34        34     0.939     0.367     0.926
         5        34        35     0.950     0.361     0.914
         5        35        33     0.912     0.367     0.957
         5        35        34     0.922     0.361     0.944
         5        36        32     0.886     0.367     0.987
         5        36        33     0.896     0.361     0.975
         6        31        36     0.992     0.379     0.841
         6        32        35     0.967     0.379     0.869
         6        32        36     0.978     0.373     0.857
         6        33        34     0.939     0.379     0.897
         6        33        35     0.950     0.373     0.885
         6        34        33     0.912     0.379     0.926
         6        34        34     0.922     0.373     0.914
         6        35        32     0.886     0.379     0.957
         6        35        33     0.896     0.373     0.944
         6        36        31     0.860     0.379     0.987
         6        36        32     0.870     0.373     0.975
         7        30        36     0.992     0.391     0.815
         7        31        35     0.967     0.391     0.841
         7        31        36     0.978     0.385     0.830
         7        32        34     0.939     0.391     0.869
         7        32        35     0.950     0.385     0.857
         7        33        33     0.912     0.391     0.897
         7        33        34     0.922     0.385     0.885
         7        34        32     0.886     0.391     0.927
         7        34        33     0.896     0.385     0.914
         7        35        31     0.860     0.391     0.957
         7        35        32     0.870     0.385     0.944
         7        36        30     0.835     0.391     0.987
         7        36        31     0.845     0.385     0.975
         8        29        36     0.992     0.404     0.789
         8        30        35     0.967     0.404     0.815
         8        30        36     0.978     0.397     0.804
         8        31        34     0.939     0.404     0.841
         8        31        35     0.950     0.398     0.830
         8        32        33     0.912     0.404     0.869
         8        32        34     0.922     0.398     0.857
         8        33        32     0.886     0.404     0.897
         8        33        33     0.896     0.398     0.885
         8        34        31     0.860     0.404     0.927
         8        34        32     0.870     0.398     0.914
         8        35        30     0.835     0.404     0.957
         8        35        31     0.845     0.398     0.944
         8        36        29     0.811     0.404     0.987
         8        36        30     0.820     0.398     0.975
         9        28        36     0.992     0.417     0.764
         9        29        35     0.967     0.417     0.789
         9        29        36     0.978     0.410     0.779
         9        30        34     0.939     0.417     0.815
         9        30        35     0.950     0.410     0.804
         9        31        33     0.912     0.417     0.841
         9        31        34     0.922     0.411     0.830
         9        32        32     0.886     0.417     0.869
         9        32        33     0.896     0.411     0.858
         9        33        31     0.860     0.417     0.897
         9        33        32     0.870     0.411     0.886
         9        34        30     0.835     0.417     0.927
         9        34        31     0.845     0.411     0.915
         9        35        29     0.811     0.417     0.957
         9        35        30     0.820     0.411     0.944
         9        36        28     0.788     0.417     0.987
         9        36        29     0.797     0.411     0.975
        10        27        36     0.992     0.431     0.740
        10        28        35     0.967     0.430     0.764
        10        28        36     0.978     0.424     0.754
        10        29        34     0.939     0.430     0.789
        10        29        35     0.950     0.424     0.779
        10        30        33     0.912     0.431     0.815
        10        30        34     0.922     0.424     0.804
        10        31        32     0.886     0.431     0.842
        10        31        33     0.896     0.424     0.830
        10        32        31     0.860     0.431     0.869
        10        32        32     0.870     0.424     0.858
        10        33        30     0.835     0.431     0.897
        10        33        31     0.845     0.424     0.886
        10        34        29     0.811     0.431     0.927
        10        34        30     0.820     0.424     0.915
        10        35        28     0.788     0.431     0.957
        10        35        29     0.797     0.424     0.945
        10        36        27     0.765     0.431     0.987
        10        36        28     0.774     0.424     0.975
        11        26        36     0.991     0.444     0.719
        11        27        35     0.967     0.445     0.740
        11        27        36     0.978     0.438     0.730
        11        28        34     0.939     0.445     0.764
        11        28        35     0.950     0.438     0.754
        11        29        33     0.912     0.445     0.789
        11        29        34     0.923     0.438     0.779
        11        30        32     0.886     0.445     0.815
        11        30        33     0.896     0.438     0.804
        11        31        31     0.860     0.445     0.842
        11        31        32     0.870     0.438     0.831
        11        32        30     0.835     0.445     0.869
        11        32        31     0.845     0.438     0.858
        11        33        29     0.811     0.445     0.898
        11        33        30     0.820     0.438     0.886
        11        34        28     0.788     0.445     0.927
        11        34        29     0.797     0.438     0.915
        11        35        27     0.762     0.445     0.961
        11        35        28     0.774     0.438     0.945
        11        36        26     0.740     0.445     0.991
        11        36        27     0.751     0.438     0.975
        12        25        36     0.991     0.459     0.697
        12        26        35     0.967     0.459     0.717
        12        26        36     0.978     0.452     0.707
        12        27        34     0.939     0.459     0.740
        12        27        35     0.950     0.452     0.730
        12        28        33     0.912     0.459     0.764
        12        28        34     0.923     0.452     0.754
        12        29        32     0.886     0.459     0.789
        12        29        33     0.896     0.452     0.779
        12        30        31     0.860     0.459     0.815
        12        30        32     0.870     0.452     0.804
        12        31        30     0.835     0.459     0.842
        12        31        31     0.845     0.452     0.831
        12        32        29     0.811     0.459     0.869
        12        32        30     0.820     0.452     0.858
        12        33        28     0.788     0.459     0.898
        12        33        29     0.797     0.452     0.886
        12        34        27     0.762     0.459     0.931
        12        34        28     0.774     0.452     0.915
        12        35        26     0.740     0.459     0.961
        12        35        27     0.751     0.452     0.945
        12        36        25     0.719     0.459     0.991
        12        36        26     0.730     0.452     0.976
        13        24        36     0.991     0.474     0.675
        13        25        35     0.967     0.474     0.694
        13        25        36     0.978     0.467     0.685
        13        26        34     0.939     0.474     0.717
        13        26        35     0.950     0.467     0.707
        13        27        33     0.912     0.474     0.740
        13        27        34     0.923     0.467     0.730
        13        28        32     0.886     0.474     0.764
        13        28        33     0.896     0.467     0.754
        13        29        31     0.860     0.474     0.789
        13        29        32     0.870     0.467     0.779
        13        30        30     0.836     0.474     0.815
        13        30        31     0.845     0.467     0.804
        13        31        29     0.811     0.474     0.842
        13        31        30     0.820     0.467     0.831
        13        32        28     0.785     0.474     0.873
        13        32        29     0.797     0.467     0.858
        13        33        27     0.762     0.474     0.901
        13        33        28     0.774     0.467     0.886
        13        34        26     0.740     0.474     0.931
        13        34        27     0.751     0.467     0.915
        13        35        25     0.719     0.474     0.961
        13        35        26     0.729     0.467     0.945
        13        36        24     0.698     0.474     0.991
        13        36        25     0.708     0.467     0.976
        14        23        36     0.991     0.489     0.653
        14        24        35     0.967     0.489     0.672
        14        24        36     0.978     0.482     0.663
        14        25        34     0.939     0.490     0.694
        14        25        35     0.950     0.482     0.685
        14        26        33     0.912     0.490     0.717
        14        26        34     0.923     0.482     0.707
        14        27        32     0.886     0.490     0.740
        14        27        33     0.896     0.482     0.730
        14        28        31     0.860     0.490     0.764
        14        28        32     0.870     0.482     0.754
        14        29        30     0.836     0.490     0.789
        14        29        31     0.845     0.482     0.779
        14        30        29     0.811     0.490     0.815
        14        30        30     0.820     0.482     0.804
        14        31        28     0.785     0.490     0.845
        14        31        29     0.797     0.482     0.831
        14        32        27     0.762     0.490     0.873
        14        32        28     0.774     0.482     0.858
        14        33        26     0.740     0.490     0.901
        14        33        27     0.751     0.482     0.886
        14        34        25     0.719     0.490     0.931
        14        34        26     0.729     0.482     0.915
        14        35        24     0.698     0.490     0.961
        14        35        25     0.708     0.482     0.945
        14        36        23     0.678     0.490     0.991
        14        36        24     0.688     0.482     0.976
        15        22        36     0.991     0.505     0.633
        15        23        35     0.967     0.505     0.651
        15        23        36     0.978     0.498     0.642
        15        24        34     0.940     0.506     0.672
        15        24        35     0.950     0.498     0.663
        15        25        33     0.912     0.506     0.694
        15        25        34     0.923     0.498     0.685
        15        26        32     0.886     0.506     0.717
        15        26        33     0.896     0.498     0.707
        15        27        31     0.860     0.506     0.740
        15        27        32     0.870     0.498     0.730
        15        28        30     0.836     0.506     0.764
        15        28        31     0.845     0.498     0.754
        15        29        29     0.808     0.505     0.792
        15        29        30     0.820     0.498     0.779
        15        30        28     0.785     0.506     0.818
        15        30        29     0.797     0.498     0.805
        15        31        27     0.762     0.506     0.845
        15        31        28     0.774     0.498     0.831
        15        32        26     0.740     0.506     0.873
        15        32        27     0.751     0.498     0.858
        15        33        25     0.719     0.506     0.901
        15        33        26     0.729     0.498     0.886
        15        34        24     0.698     0.506     0.931
        15        34        25     0.708     0.498     0.915
        15        35        23     0.678     0.506     0.961
        15        35        24     0.688     0.498     0.945
        15        36        22     0.658     0.506     0.991
        15        36        23     0.668     0.498     0.976
        16        21        36     0.991     0.522     0.613
        16        22        35     0.967     0.522     0.630
        16        22        36     0.978     0.514     0.622
        16        23        34     0.940     0.522     0.651
        16        23        35     0.950     0.514     0.642
        16        24        33     0.912     0.522     0.672
        16        24        34     0.923     0.514     0.663
        16        25        32     0.886     0.522     0.694
        16        25        33     0.896     0.514     0.685
        16        26        31     0.860     0.522     0.717
        16        26        32     0.870     0.514     0.707
        16        27        30     0.836     0.522     0.740
        16        27        31     0.845     0.514     0.730
        16        28        29     0.809     0.522     0.767
        16        28        30     0.820     0.514     0.754
        16        29        28     0.785     0.522     0.793
        16        29        29     0.797     0.514     0.779
        16        30        27     0.762     0.522     0.819
        16        30        28     0.774     0.514     0.805
        16        31        26     0.740     0.522     0.845
        16        31        27     0.751     0.514     0.831
        16        32        25     0.719     0.522     0.873
        16        32        26     0.730     0.514     0.858
        16        33        24     0.698     0.522     0.902
        16        33        25     0.708     0.514     0.886
        16        34        23     0.678     0.522     0.931
        16        34        24     0.688     0.514     0.915
        16        35        22     0.658     0.522     0.961
        16        35        23     0.668     0.514     0.945
        16        36        21     0.639     0.522     0.991
        16        36        22     0.649     0.514     0.976
        17        20        36     0.991     0.539     0.593
        17        21        35     0.967     0.539     0.610
        17        21        36     0.978     0.531     0.602
        17        22        34     0.940     0.539     0.630
        17        22        35     0.950     0.531     0.622
        17        23        33     0.912     0.539     0.651
        17        23        34     0.923     0.531     0.642
        17        24        32     0.886     0.539     0.672
        17        24        33     0.896     0.531     0.663
        17        25        31     0.860     0.539     0.694
        17        25        32     0.870     0.531     0.685
        17        26        30     0.836     0.539     0.717
        17        26        31     0.845     0.531     0.707
        17        27        29     0.809     0.539     0.743
        17        27        30     0.820     0.531     0.731
        17        28        28     0.785     0.539     0.768
        17        28        29     0.797     0.531     0.755
        17        29        27     0.762     0.539     0.793
        17        29        28     0.774     0.531     0.779
        17        30        26     0.740     0.539     0.819
        17        30        27     0.751     0.531     0.805
        17        31        25     0.719     0.539     0.845
        17        31        26     0.730     0.531     0.831
        17        32        24     0.698     0.539     0.873
        17        32        25     0.708     0.531     0.858
        17        33        23     0.678     0.539     0.902
        17        33        24     0.688     0.531     0.886
        17        34        22     0.658     0.539     0.931
        17        34        23     0.668     0.531     0.915
        17        35        21     0.639     0.539     0.961
        17        35        22     0.649     0.531     0.945
        17        36        20     0.621     0.539     0.991
        17        36        21     0.630     0.531     0.976
        18        19        36     0.991     0.557     0.575
        18        20        35     0.967     0.557     0.591
        18        20        36     0.978     0.548     0.583
        18        21        34     0.940     0.557     0.610
        18        21        35     0.950     0.548     0.602
        18        22        33     0.912     0.557     0.630
        18        22        34     0.923     0.548     0.622
        18        23        32     0.886     0.557     0.651
        18        23        33     0.896     0.548     0.642
        18        24        31     0.861     0.557     0.672
        18        24        32     0.870     0.548     0.663
        18        25        30     0.833     0.557     0.697
        18        25        31     0.845     0.548     0.685
        18        26        29     0.809     0.557     0.720
        18        26        30     0.820     0.548     0.708
        18        27        28     0.785     0.557     0.743
        18        27        29     0.797     0.548     0.731
        18        28        27     0.762     0.557     0.768
        18        28        28     0.774     0.548     0.755
        18        29        26     0.740     0.557     0.793
        18        29        27     0.751     0.548     0.779
        18        30        25     0.719     0.557     0.819
        18        30        26     0.730     0.548     0.805
        18        31        24     0.698     0.557     0.845
        18        31        25     0.708     0.548     0.831
        18        32        23     0.678     0.557     0.873
        18        32        24     0.688     0.548     0.858
        18        33        22     0.658     0.557     0.902
        18        33        23     0.668     0.548     0.887
        18        34        21     0.639     0.557     0.931
        18        34        22     0.649     0.549     0.916
        18        35        20     0.621     0.557     0.962
        18        35        21     0.630     0.549     0.945
        18        36        19     0.603     0.557     0.991
        18        36        20     0.612     0.549     0.976
        19        18        36     0.991     0.575     0.556
        19        19        35     0.967     0.575     0.572
        19        19        36     0.978     0.566     0.565
        19        20        34     0.940     0.575     0.591
        19        20        35     0.950     0.566     0.583
        19        21        33     0.913     0.575     0.610
        19        21        34     0.923     0.566     0.602
        19        22        32     0.886     0.575     0.630
        19        22        33     0.896     0.566     0.622
        19        23        31     0.861     0.575     0.651
        19        23        32     0.870     0.566     0.642
        19        24        30     0.833     0.575     0.675
        19        24        31     0.845     0.566     0.663
        19        25        29     0.809     0.575     0.697
        19        25        30     0.821     0.566     0.685
        19        26        28     0.785     0.575     0.720
        19        26        29     0.797     0.566     0.708
        19        27        27     0.762     0.575     0.743
        19        27        28     0.774     0.566     0.731
        19        28        26     0.740     0.575     0.768
        19        28        27     0.751     0.566     0.755
        19        29        25     0.719     0.575     0.793
        19        29        26     0.730     0.566     0.779
        19        30        24     0.698     0.575     0.819
        19        30        25     0.708     0.566     0.805
        19        31        23     0.678     0.575     0.846
        19        31        24     0.688     0.566     0.831
        19        32        22     0.658     0.575     0.873
        19        32        23     0.668     0.566     0.859
        19        33        21     0.639     0.575     0.902
        19        33        22     0.649     0.566     0.887
        19        34        20     0.621     0.575     0.931
        19        34        21     0.630     0.566     0.916
        19        35        19     0.603     0.575     0.962
        19        35        20     0.612     0.566     0.946
        19        36        18     0.585     0.575     0.991
        19        36        19     0.594     0.567     0.976
        20        17        36     0.991     0.593     0.539
        20        18        35     0.967     0.594     0.554
        20        18        36     0.978     0.584     0.547
        20        19        34     0.940     0.594     0.572
        20        19        35     0.950     0.584     0.565
        20        20        33     0.913     0.594     0.591
        20        20        34     0.923     0.584     0.583
        20        21        32     0.886     0.594     0.610
        20        21        33     0.896     0.584     0.602
        20        22        31     0.858     0.593     0.633
        20        22        32     0.870     0.585     0.622
        20        23        30     0.833     0.593     0.654
        20        23        31     0.845     0.585     0.642
        20        24        29     0.809     0.594     0.675
        20        24        30     0.821     0.585     0.664
        20        25        28     0.785     0.594     0.697
        20        25        29     0.797     0.585     0.685
        20        26        27     0.762     0.594     0.720
        20        26        28     0.774     0.585     0.708
        20        27        26     0.740     0.594     0.743
        20        27        27     0.751     0.585     0.731
        20        28        25     0.719     0.594     0.768
        20        28        26     0.730     0.585     0.755
        20        29        24     0.698     0.594     0.793
        20        29        25     0.708     0.585     0.780
        20        30        23     0.678     0.594     0.819
        20        30        24     0.688     0.585     0.805
        20        31        22     0.658     0.594     0.846
        20        31        23     0.668     0.585     0.831
        20        32        21     0.639     0.594     0.873
        20        32        22     0.649     0.585     0.859
        20        33        20     0.621     0.594     0.902
        20        33        21     0.630     0.585     0.887
        20        34        19     0.603     0.594     0.931
        20        34        20     0.612     0.585     0.916
        20        35        18     0.585     0.594     0.962
        20        35        19     0.594     0.585     0.946
        20        36        17     0.569     0.594     0.992
        20        36        18     0.577     0.585     0.976
        21        16        36     0.991     0.613     0.522
        21        17        35     0.967     0.613     0.537
        21        17        36     0.978     0.604     0.530
        21        18        34     0.940     0.613     0.554
        21        18        35     0.950     0.603     0.547
        21        19        33     0.913     0.613     0.572
        21        19        34     0.923     0.604     0.565
        21        20        32     0.886     0.613     0.591
        21        20        33     0.896     0.604     0.583
        21        21        31     0.858     0.613     0.613
        21        21        32     0.870     0.604     0.602
        21        22        30     0.833     0.613     0.633
        21        22        31     0.845     0.604     0.622
        21        23        29     0.809     0.613     0.654
        21        23        30     0.821     0.604     0.643
        21        24        28     0.785     0.613     0.675
        21        24        29     0.797     0.604     0.664
        21        25        27     0.762     0.613     0.697
        21        25        28     0.774     0.604     0.685
        21        26        26     0.740     0.613     0.720
        21        26        27     0.751     0.604     0.708
        21        27        25     0.719     0.613     0.744
        21        27        26     0.730     0.604     0.731
        21        28        24     0.698     0.613     0.768
        21        28        25     0.708     0.604     0.755
        21        29        23     0.678     0.613     0.793
        21        29        24     0.688     0.604     0.780
        21        30        22     0.658     0.613     0.819
        21        30        23     0.668     0.604     0.805
        21        31        21     0.639     0.613     0.846
        21        31        22     0.649     0.604     0.831
        21        32        20     0.621     0.613     0.873
        21        32        21     0.630     0.604     0.859
        21        33        19     0.603     0.613     0.902
        21        33        20     0.612     0.604     0.887
        21        34        18     0.585     0.613     0.932
        21        34        19     0.594     0.604     0.916
        21        35        17     0.568     0.613     0.962
        21        35        18     0.577     0.604     0.946
        21        36        16     0.552     0.614     0.992
        21        36        17     0.560     0.604     0.977
        22        15        36     0.991     0.633     0.505
        22        16        35     0.967     0.633     0.520
        22        16        36     0.978     0.623     0.513
        22        17        34     0.940     0.633     0.537
        22        17        35     0.950     0.623     0.530
        22        18        33     0.913     0.633     0.554
        22        18        34     0.923     0.623     0.547
        22        19        32     0.883     0.633     0.575
        22        19        33     0.896     0.623     0.565
        22        20        31     0.858     0.633     0.593
        22        20        32     0.870     0.623     0.583
        22        21        30     0.833     0.633     0.613
        22        21        31     0.845     0.623     0.603
        22        22        29     0.809     0.633     0.633
        22        22        30     0.821     0.623     0.622
        22        23        28     0.785     0.633     0.654
        22        23        29     0.797     0.623     0.643
        22        24        27     0.763     0.633     0.675
        22        24        28     0.774     0.623     0.664
        22        25        26     0.740     0.633     0.697
        22        25        27     0.751     0.623     0.685
        22        26        25     0.719     0.633     0.720
        22        26        26     0.730     0.624     0.708
        22        27        24     0.698     0.633     0.744
        22        27        25     0.709     0.624     0.731
        22        28        23     0.678     0.633     0.768
        22        28        24     0.688     0.624     0.755
        22        29        22     0.658     0.633     0.793
        22        29        23     0.668     0.624     0.780
        22        30        21     0.639     0.633     0.819
        22        30        22     0.649     0.624     0.805
        22        31        20     0.621     0.633     0.846
        22        31        21     0.630     0.624     0.832
        22        32        19     0.603     0.633     0.874
        22        32        20     0.612     0.624     0.859
        22        33        18     0.585     0.633     0.902
        22        33        19     0.594     0.624     0.887
        22        34        17     0.568     0.633     0.932
        22        34        18     0.577     0.624     0.916
        22        35        16     0.552     0.633     0.962
        22        35        17     0.560     0.624     0.946
        22        36        15     0.536     0.634     0.992
        22        36        16     0.544     0.624     0.977
        23        14        36     0.991     0.654     0.489
        23        15        35     0.967     0.654     0.503
        23        15        36     0.978     0.644     0.497
        23        16        34     0.940     0.654     0.520
        23        16        35     0.950     0.643     0.513
        23        17        33     0.913     0.654     0.537
        23        17        34     0.923     0.644     0.530
        23        18        32     0.883     0.653     0.556
        23        18        33     0.896     0.644     0.547
        23        19        31     0.858     0.653     0.575
        23        19        32     0.870     0.644     0.565
        23        20        30     0.833     0.653     0.593
        23        20        31     0.845     0.644     0.583
        23        21        29     0.809     0.654     0.613
        23        21        30     0.821     0.644     0.603
        23        22        28     0.785     0.654     0.633
        23        22        29     0.797     0.644     0.622
        23        23        27     0.763     0.654     0.654
        23        23        28     0.774     0.644     0.643
        23        24        26     0.740     0.654     0.675
        23        24        27     0.751     0.644     0.664
        23        25        25     0.719     0.654     0.697
        23        25        26     0.730     0.644     0.685
        23        26        24     0.698     0.654     0.720
        23        26        25     0.709     0.644     0.708
        23        27        23     0.678     0.654     0.744
        23        27        24     0.688     0.644     0.731
        23        28        22     0.658     0.654     0.768
        23        28        23     0.668     0.644     0.755
        23        29        21     0.639     0.654     0.793
        23        29        22     0.649     0.644     0.780
        23        30        20     0.621     0.654     0.819
        23        30        21     0.630     0.644     0.805
        23        31        19     0.603     0.654     0.846
        23        31        20     0.612     0.644     0.832
        23        32        18     0.585     0.654     0.874
        23        32        19     0.594     0.644     0.859
        23        33        17     0.568     0.654     0.902
        23        33        18     0.577     0.644     0.887
        23        34        16     0.552     0.654     0.932
        23        34        17     0.560     0.644     0.916
        23        35        15     0.536     0.654     0.962
        23        35        16     0.544     0.644     0.946
        23        36        14     0.521     0.654     0.992
        23        36        15     0.528     0.644     0.977
        24        13        36     0.991     0.675     0.474
        24        14        35     0.967     0.675     0.487
        24        14        36     0.978     0.665     0.481
        24        15        34     0.940     0.675     0.503
        24        15        35     0.950     0.664     0.497
        24        16        33     0.913     0.675     0.520
        24        16        34     0.923     0.665     0.513
        24        17        32     0.883     0.675     0.539
        24        17        33     0.896     0.665     0.530
        24        18        31     0.858     0.675     0.557
        24        18        32     0.870     0.665     0.547
        24        19        30     0.833     0.675     0.575
        24        19        31     0.845     0.665     0.565
        24        20        29     0.809     0.675     0.594
        24        20        30     0.821     0.665     0.584
        24        21        28     0.785     0.675     0.613
        24        21        29     0.797     0.665     0.603
        24        22        27     0.763     0.675     0.633
        24        22        28     0.774     0.665     0.622
        24        23        26     0.740     0.675     0.654
        24        23        27     0.751     0.665     0.643
        24        24        25     0.719     0.675     0.675
        24        24        26     0.730     0.665     0.664
        24        25        24     0.698     0.675     0.697
        24        25        25     0.709     0.665     0.686
        24        26        23     0.678     0.675     0.720
        24        26        24     0.688     0.665     0.708
        24        27        22     0.658     0.675     0.744
        24        27        23     0.668     0.665     0.731
        24        28        21     0.639     0.675     0.768
        24        28        22     0.649     0.665     0.755
        24        29        20     0.621     0.675     0.793
        24        29        21     0.630     0.665     0.780
        24        30        19     0.603     0.675     0.819
        24        30        20     0.612     0.665     0.805
        24        31        18     0.585     0.675     0.846
        24        31        19     0.594     0.665     0.832
        24        32        17     0.568     0.675     0.874
        24        32        18     0.577     0.665     0.859
        24        33        16     0.552     0.675     0.902
        24        33        17     0.560     0.665     0.887
        24        34        15     0.536     0.676     0.932
        24        34        16     0.544     0.665     0.916
        24        35        14     0.521     0.676     0.962
        24        35        15     0.528     0.665     0.946
        24        36        13     0.506     0.676     0.992
        24        36        14     0.513     0.665     0.977
        25        12        36     0.991     0.697     0.459
        25        13        35     0.967     0.697     0.472
        25        13        36     0.978     0.686     0.466
        25        14        34     0.940     0.697     0.487
        25        14        35     0.950     0.686     0.481
        25        15        33     0.909     0.697     0.505
        25        15        34     0.923     0.686     0.497
        25        16        32     0.883     0.697     0.522
        25        16        33     0.896     0.686     0.513
        25        17        31     0.858     0.697     0.539
        25        17        32     0.870     0.686     0.530
        25        18        30     0.833     0.697     0.557
        25        18        31     0.845     0.686     0.547
        25        19        29     0.809     0.697     0.575
        25        19        30     0.821     0.686     0.565
        25        20        28     0.785     0.697     0.594
        25        20        29     0.797     0.686     0.584
        25        21        27     0.763     0.697     0.613
        25        21        28     0.774     0.686     0.603
        25        22        26     0.740     0.697     0.633
        25        22        27     0.751     0.687     0.622
        25        23        25     0.719     0.697     0.654
        25        23        26     0.730     0.687     0.643
        25        24        24     0.698     0.697     0.675
        25        24        25     0.709     0.687     0.664
        25        25        23     0.678     0.697     0.697
        25        25        24     0.688     0.687     0.686
        25        26        22     0.658     0.697     0.720
        25        26        23     0.668     0.687     0.708
        25        27        21     0.639     0.697     0.744
        25        27        22     0.649     0.687     0.731
        25        28        20     0.621     0.697     0.768
        25        28        21     0.630     0.687     0.755
        25        29        19     0.603     0.697     0.793
        25        29        20     0.612     0.687     0.780
        25        30        18     0.585     0.697     0.819
        25        30        19     0.594     0.687     0.805
        25        31        17     0.568     0.697     0.846
        25        31        18     0.577     0.687     0.832
        25        32        16     0.552     0.698     0.874
        25        32        17     0.560     0.687     0.859
        25        33        15     0.536     0.698     0.902
        25        33        16     0.544     0.687     0.887
        25        34        14     0.521     0.698     0.932
        25        34        15     0.528     0.687     0.916
        25        35        13     0.505     0.698     0.962
        25        35        14     0.513     0.687     0.946
        25        36        12     0.491     0.698     0.992
        25        36        13     0.498     0.687     0.977
        26        11        36     0.991     0.720     0.444
        26        12        35     0.967     0.720     0.457
        26        12        36     0.978     0.709     0.451
        26        13        34     0.940     0.720     0.472
        26        13        35     0.950     0.709     0.466
        26        14        33     0.910     0.719     0.489
        26        14        34     0.923     0.709     0.481
        26        15        32     0.883     0.719     0.505
        26        15        33     0.896     0.709     0.497
        26        16        31     0.858     0.720     0.522
        26        16        32     0.870     0.709     0.513
        26        17        30     0.833     0.720     0.539
        26        17        31     0.845     0.709     0.530
        26        18        29     0.809     0.720     0.557
        26        18        30     0.821     0.709     0.547
        26        19        28     0.785     0.720     0.575
        26        19        29     0.797     0.709     0.565
        26        20        27     0.763     0.720     0.594
        26        20        28     0.774     0.709     0.584
        26        21        26     0.741     0.720     0.613
        26        21        27     0.751     0.709     0.603
        26        22        25     0.719     0.720     0.633
        26        22        26     0.730     0.709     0.623
        26        23        24     0.698     0.720     0.654
        26        23        25     0.709     0.709     0.643
        26        24        23     0.678     0.720     0.675
        26        24        24     0.688     0.709     0.664
        26        25        22     0.658     0.720     0.697
        26        25        23     0.668     0.709     0.686
        26        26        21     0.639     0.720     0.720
        26        26        22     0.649     0.709     0.708
        26        27        20     0.621     0.720     0.744
        26        27        21     0.630     0.709     0.731
        26        28        19     0.603     0.720     0.768
        26        28        20     0.612     0.709     0.755
        26        29        18     0.585     0.720     0.793
        26        29        19     0.594     0.709     0.780
        26        30        17     0.568     0.720     0.819
        26        30        18     0.577     0.709     0.806
        26        31        16     0.552     0.720     0.846
        26        31        17     0.560     0.709     0.832
        26        32        15     0.536     0.720     0.874
        26        32        16     0.544     0.709     0.859
        26        33        14     0.521     0.720     0.903
        26        33        15     0.528     0.710     0.887
        26        34        13     0.505     0.720     0.932
        26        34        14     0.513     0.710     0.916
        26        35        12     0.491     0.720     0.962
        26        35        13     0.498     0.710     0.946
        26        36        11     0.477     0.721     0.992
        26        36        12     0.484     0.710     0.977
        27        10        36     0.991     0.743     0.430
        27        11        35     0.967     0.743     0.443
        27        11        36     0.978     0.732     0.437
        27        12        34     0.937     0.743     0.459
        27        12        35     0.950     0.732     0.451
        27        13        33     0.910     0.743     0.474
        27        13        34     0.923     0.732     0.466
        27        14        32     0.883     0.743     0.489
        27        14        33     0.896     0.732     0.481
        27        15        31     0.858     0.743     0.505
        27        15        32     0.870     0.732     0.497
        27        16        30     0.833     0.743     0.522
        27        16        31     0.845     0.732     0.513
        27        17        29     0.809     0.743     0.539
        27        17        30     0.821     0.732     0.530
        27        18        28     0.785     0.743     0.557
        27        18        29     0.797     0.732     0.547
        27        19        27     0.763     0.743     0.575
        27        19        28     0.774     0.732     0.565
        27        20        26     0.741     0.743     0.594
        27        20        27     0.751     0.732     0.584
        27        21        25     0.719     0.743     0.613
        27        21        26     0.730     0.732     0.603
        27        22        24     0.698     0.743     0.633
        27        22        25     0.709     0.732     0.623
        27        23        23     0.678     0.743     0.654
        27        23        24     0.688     0.732     0.643
        27        24        22     0.658     0.743     0.675
        27        24        23     0.668     0.732     0.664
        27        25        21     0.639     0.744     0.698
        27        25        22     0.649     0.732     0.686
        27        26        20     0.621     0.744     0.720
        27        26        21     0.630     0.732     0.708
        27        27        19     0.603     0.744     0.744
        27        27        20     0.612     0.732     0.731
        27        28        18     0.585     0.744     0.768
        27        28        19     0.594     0.732     0.755
        27        29        17     0.569     0.744     0.794
        27        29        18     0.577     0.733     0.780
        27        30        16     0.552     0.744     0.819
        27        30        17     0.560     0.733     0.806
        27        31        15     0.536     0.744     0.846
        27        31        16     0.544     0.733     0.832
        27        32        14     0.521     0.744     0.874
        27        32        15     0.528     0.733     0.859
        27        33        13     0.505     0.744     0.903
        27        33        14     0.513     0.733     0.887
        27        34        12     0.491     0.744     0.932
        27        34        13     0.498     0.733     0.916
        27        35        11     0.477     0.744     0.962
        27        35        12     0.484     0.733     0.946
        27        36        10     0.463     0.744     0.992
        27        36        11     0.470     0.733     0.977
        28         9        36     0.991     0.767     0.417
        28        10        35     0.968     0.767     0.429
        28        10        36     0.978     0.756     0.423
        28        11        34     0.937     0.767     0.444
        28        11        35     0.950     0.756     0.437
        28        12        33     0.910     0.767     0.459
        28        12        34     0.923     0.756     0.451
        28        13        32     0.883     0.767     0.474
        28        13        33     0.896     0.756     0.466
        28        14        31     0.858     0.767     0.489
        28        14        32     0.870     0.756     0.481
        28        15        30     0.833     0.767     0.505
        28        15        31     0.845     0.756     0.497
        28        16        29     0.809     0.767     0.522
        28        16        30     0.821     0.756     0.513
        28        17        28     0.785     0.767     0.539
        28        17        29     0.797     0.756     0.530
        28        18        27     0.763     0.767     0.557
        28        18        28     0.774     0.756     0.547
        28        19        26     0.741     0.768     0.575
        28        19        27     0.752     0.756     0.565
        28        20        25     0.719     0.768     0.594
        28        20        26     0.730     0.756     0.584
        28        21        24     0.698     0.768     0.613
        28        21        25     0.709     0.756     0.603
        28        22        23     0.678     0.768     0.633
        28        22        24     0.688     0.756     0.623
        28        23        22     0.658     0.768     0.654
        28        23        23     0.668     0.756     0.643
        28        24        21     0.639     0.768     0.676
        28        24        22     0.649     0.756     0.664
        28        25        20     0.621     0.768     0.698
        28        25        21     0.630     0.756     0.686
        28        26        19     0.603     0.768     0.720
        28        26        20     0.612     0.756     0.708
        28        27        18     0.585     0.768     0.744
        28        27        19     0.594     0.756     0.732
        28        28        17     0.569     0.768     0.768
        28        28        18     0.577     0.756     0.755
        28        29        16     0.552     0.768     0.794
        28        29        17     0.560     0.756     0.780
        28        30        15     0.536     0.768     0.820
        28        30        16     0.544     0.757     0.806
        28        31        14     0.521     0.768     0.846
        28        31        15     0.528     0.757     0.832
        28        32        13     0.505     0.768     0.874
        28        32        14     0.513     0.757     0.859
        28        33        12     0.491     0.768     0.903
        28        33        13     0.498     0.757     0.888
        28        34        11     0.477     0.768     0.932
        28        34        12     0.484     0.757     0.917
        28        35        10     0.463     0.768     0.963
        28        35        11     0.470     0.757     0.947
        28        36         9     0.450     0.769     0.992
        28        36        10     0.456     0.757     0.977
        29         8        36     0.991     0.792     0.403
        29         9        35     0.964     0.792     0.417
        29         9        36     0.978     0.780     0.410
        29        10        34     0.937     0.792     0.430
        29        10        35     0.950     0.780     0.423
        29        11        33     0.910     0.792     0.444
        29        11        34     0.923     0.780     0.437
        29        12        32     0.883     0.792     0.459
        29        12        33     0.896     0.780     0.451
        29        13        31     0.858     0.792     0.474
        29        13        32     0.870     0.780     0.466
        29        14        30     0.833     0.792     0.489
        29        14        31     0.845     0.780     0.481
        29        15        29     0.809     0.792     0.506
        29        15        30     0.821     0.780     0.497
        29        16        28     0.785     0.792     0.522
        29        16        29     0.797     0.780     0.513
        29        17        27     0.763     0.792     0.539
        29        17        28     0.774     0.781     0.530
        29        18        26     0.741     0.793     0.557
        29        18        27     0.752     0.781     0.547
        29        19        25     0.719     0.793     0.575
        29        19        26     0.730     0.781     0.565
        29        20        24     0.698     0.793     0.594
        29        20        25     0.709     0.781     0.584
        29        21        23     0.678     0.793     0.613
        29        21        24     0.688     0.781     0.603
        29        22        22     0.658     0.793     0.633
        29        22        23     0.668     0.781     0.623
        29        23        21     0.639     0.793     0.654
        29        23        22     0.649     0.781     0.643
        29        24        20     0.621     0.793     0.676
        29        24        21     0.630     0.781     0.664
        29        25        19     0.603     0.793     0.698
        29        25        20     0.612     0.781     0.686
        29        26        18     0.585     0.793     0.721
        29        26        19     0.594     0.781     0.708
        29        27        17     0.569     0.793     0.744
        29        27        18     0.577     0.781     0.732
        29        28        16     0.552     0.793     0.769
        29        28        17     0.560     0.781     0.756
        29        29        15     0.536     0.793     0.794
        29        29        16     0.544     0.781     0.780
        29        30        14     0.521     0.793     0.820
        29        30        15     0.528     0.781     0.806
        29        31        13     0.506     0.793     0.847
        29        31        14     0.513     0.781     0.832
        29        32        12     0.491     0.793     0.874
        29        32        13     0.498     0.781     0.859
        29        33        11     0.477     0.793     0.903
        29        33        12     0.484     0.781     0.888
        29        34        10     0.463     0.793     0.932
        29        34        11     0.470     0.781     0.917
        29        35         9     0.449     0.793     0.963
        29        35        10     0.456     0.782     0.947
        29        36         8     0.437     0.794     0.992
        29        36         9     0.443     0.782     0.977
        30         7        36     0.991     0.818     0.391
        30         8        35     0.964     0.818     0.403
        30         8        36     0.978     0.806     0.397
        30         9        34     0.937     0.818     0.417
        30         9        35     0.950     0.806     0.410
        30        10        33     0.910     0.818     0.430
        30        10        34     0.923     0.806     0.423
        30        11        32     0.883     0.818     0.444
        30        11        33     0.896     0.806     0.437
        30        12        31     0.858     0.818     0.459
        30        12        32     0.870     0.806     0.451
        30        13        30     0.833     0.818     0.474
        30        13        31     0.845     0.806     0.466
        30        14        29     0.809     0.818     0.490
        30        14        30     0.821     0.806     0.481
        30        15        28     0.785     0.818     0.506
        30        15        29     0.797     0.806     0.497
        30        16        27     0.763     0.818     0.522
        30        16        28     0.774     0.806     0.513
        30        17        26     0.741     0.818     0.539
        30        17        27     0.752     0.806     0.530
        30        18        25     0.719     0.818     0.557
        30        18        26     0.730     0.806     0.547
        30        19        24     0.698     0.819     0.575
        30        19        25     0.709     0.806     0.565
        30        20        23     0.678     0.819     0.594
        30        20        24     0.688     0.806     0.584
        30        21        22     0.659     0.819     0.613
        30        21        23     0.668     0.806     0.603
        30        22        21     0.639     0.819     0.633
        30        22        22     0.649     0.806     0.623
        30        23        20     0.621     0.819     0.654
        30        23        21     0.630     0.806     0.643
        30        24        19     0.603     0.819     0.676
        30        24        20     0.612     0.806     0.664
        30        25        18     0.586     0.819     0.698
        30        25        19     0.594     0.807     0.686
        30        26        17     0.569     0.819     0.721
        30        26        18     0.577     0.807     0.708
        30        27        16     0.552     0.819     0.744
        30        27        17     0.560     0.807     0.732
        30        28        15     0.536     0.819     0.769
        30        28        16     0.544     0.807     0.756
        30        29        14     0.521     0.819     0.794
        30        29        15     0.528     0.807     0.780
        30        30        13     0.506     0.819     0.820
        30        30        14     0.513     0.807     0.806
        30        31        12     0.491     0.819     0.847
        30        31        13     0.498     0.807     0.832
        30        32        11     0.477     0.819     0.874
        30        32        12     0.484     0.807     0.860
        30        33        10     0.463     0.819     0.903
        30        33        11     0.470     0.807     0.888
        30        34         9     0.449     0.819     0.932
        30        34        10     0.456     0.807     0.917
        30        35         8     0.436     0.819     0.963
        30        35         9     0.443     0.807     0.947
        30        36         7     0.424     0.820     0.992
        30        36         8     0.430     0.807     0.978
        31         6        36     0.991     0.845     0.378
        31         7        35     0.964     0.845     0.391
        31         7        36     0.978     0.832     0.384
        31         8        34     0.937     0.845     0.404
        31         8        35     0.951     0.832     0.397
        31         9        33     0.910     0.845     0.417
        31         9        34     0.923     0.832     0.410
        31        10        32     0.883     0.845     0.430
        31        10        33     0.896     0.832     0.423
        31        11        31     0.858     0.845     0.444
        31        11        32     0.870     0.832     0.437
        31        12        30     0.833     0.845     0.459
        31        12        31     0.845     0.832     0.451
        31        13        29     0.809     0.845     0.474
        31        13        30     0.821     0.832     0.466
        31        14        28     0.785     0.845     0.490
        31        14        29     0.797     0.832     0.481
        31        15        27     0.763     0.845     0.506
        31        15        28     0.774     0.832     0.497
        31        16        26     0.741     0.845     0.522
        31        16        27     0.752     0.832     0.513
        31        17        25     0.719     0.845     0.539
        31        17        26     0.730     0.832     0.530
        31        18        24     0.698     0.845     0.557
        31        18        25     0.709     0.832     0.548
        31        19        23     0.678     0.845     0.575
        31        19        24     0.688     0.833     0.565
        31        20        22     0.659     0.845     0.594
        31        20        23     0.668     0.833     0.584
        31        21        21     0.639     0.845     0.613
        31        21        22     0.649     0.833     0.603
        31        22        20     0.621     0.845     0.634
        31        22        21     0.630     0.833     0.623
        31        23        19     0.603     0.846     0.654
        31        23        20     0.612     0.833     0.643
        31        24        18     0.586     0.846     0.676
        31        24        19     0.594     0.833     0.664
        31        25        17     0.569     0.846     0.698
        31        25        18     0.577     0.833     0.686
        31        26        16     0.552     0.846     0.721
        31        26        17     0.560     0.833     0.709
        31        27        15     0.536     0.846     0.744
        31        27        16     0.544     0.833     0.732
        31        28        14     0.521     0.846     0.769
        31        28        15     0.528     0.833     0.756
        31        29        13     0.506     0.846     0.794
        31        29        14     0.513     0.833     0.780
        31        30        12     0.491     0.846     0.820
        31        30        13     0.498     0.833     0.806
        31        31        11     0.477     0.846     0.847
        31        31        12     0.484     0.833     0.832
        31        32        10     0.463     0.846     0.874
        31        32        11     0.470     0.833     0.860
        31        33         9     0.449     0.846     0.903
        31        33        10     0.456     0.833     0.888
        31        34         8     0.436     0.846     0.933
        31        34         9     0.443     0.833     0.917
        31        35         7     0.424     0.846     0.963
        31        35         8     0.430     0.833     0.947
        31        36         6     0.412     0.846     0.992
        31        36         7     0.418     0.834     0.978
        32         5        36     0.991     0.873     0.366
        32         6        35     0.965     0.872     0.378
        32         6        36     0.978     0.859     0.372
        32         7        34     0.937     0.872     0.391
        32         7        35     0.951     0.859     0.384
        32         8        33     0.910     0.872     0.404
        32         8        34     0.923     0.859     0.397
        32         9        32     0.883     0.872     0.417
        32         9        33     0.896     0.859     0.410
        32        10        31     0.858     0.872     0.430
        32        10        32     0.870     0.859     0.423
        32        11        30     0.833     0.872     0.445
        32        11        31     0.845     0.859     0.437
        32        12        29     0.809     0.872     0.459
        32        12        30     0.821     0.859     0.451
        32        13        28     0.785     0.873     0.474
        32        13        29     0.797     0.859     0.466
        32        14        27     0.763     0.873     0.490
        32        14        28     0.774     0.859     0.481
        32        15        26     0.741     0.873     0.506
        32        15        27     0.752     0.860     0.497
        32        16        25     0.719     0.873     0.522
        32        16        26     0.730     0.860     0.513
        32        17        24     0.698     0.873     0.539
        32        17        25     0.709     0.860     0.530
        32        18        23     0.678     0.873     0.557
        32        18        24     0.688     0.860     0.548
        32        19        22     0.659     0.873     0.575
        32        19        23     0.668     0.860     0.566
        32        20        21     0.639     0.873     0.594
        32        20        22     0.649     0.860     0.584
        32        21        20     0.621     0.873     0.614
        32        21        21     0.630     0.860     0.603
        32        22        19     0.603     0.873     0.634
        32        22        20     0.612     0.860     0.623
        32        23        18     0.586     0.873     0.654
        32        23        19     0.594     0.860     0.643
        32        24        17     0.569     0.873     0.676
        32        24        18     0.577     0.860     0.664
        32        25        16     0.552     0.873     0.698
        32        25        17     0.560     0.860     0.686
        32        26        15     0.536     0.873     0.721
        32        26        16     0.544     0.860     0.709
        32        27        14     0.521     0.873     0.744
        32        27        15     0.528     0.860     0.732
        32        28        13     0.506     0.873     0.769
        32        28        14     0.513     0.860     0.756
        32        29        12     0.491     0.874     0.794
        32        29        13     0.498     0.860     0.781
        32        30        11     0.477     0.874     0.820
        32        30        12     0.484     0.860     0.806
        32        31        10     0.463     0.874     0.847
        32        31        11     0.470     0.861     0.833
        32        32         9     0.450     0.874     0.874
        32        32        10     0.456     0.861     0.860
        32        33         8     0.436     0.874     0.903
        32        33         9     0.443     0.861     0.888
        32        34         7     0.424     0.874     0.933
        32        34         8     0.430     0.861     0.917
        32        35         6     0.412     0.874     0.963
        32        35         7     0.418     0.861     0.947
        32        36         5     0.400     0.874     0.992
        32        36         6     0.406     0.861     0.978
        33         4        36     0.991     0.901     0.355
        33         5        35     0.965     0.901     0.366
        33         5        36     0.978     0.887     0.360
        33         6        34     0.937     0.901     0.378
        33         6        35     0.951     0.887     0.372
        33         7        33     0.910     0.901     0.391
        33         7        34     0.923     0.887     0.384
        33         8        32     0.883     0.901     0.404
        33         8        33     0.896     0.887     0.397
        33         9        31     0.858     0.901     0.417
        33         9        32     0.870     0.887     0.410
        33        10        30     0.833     0.901     0.430
        33        10        31     0.845     0.887     0.423
        33        11        29     0.809     0.901     0.445
        33        11        30     0.821     0.887     0.437
        33        12        28     0.785     0.901     0.459
        33        12        29     0.797     0.887     0.451
        33        13        27     0.763     0.901     0.474
        33        13        28     0.774     0.888     0.466
        33        14        26     0.741     0.901     0.490
        33        14        27     0.752     0.888     0.481
        33        15        25     0.719     0.901     0.506
        33        15        26     0.730     0.888     0.497
        33        16        24     0.698     0.901     0.522
        33        16        25     0.709     0.888     0.513
        33        17        23     0.678     0.901     0.539
        33        17        24     0.688     0.888     0.530
        33        18        22     0.659     0.901     0.557
        33        18        23     0.668     0.888     0.548
        33        19        21     0.639     0.901     0.575
        33        19        22     0.649     0.888     0.566
        33        20        20     0.621     0.901     0.594
        33        20        21     0.630     0.888     0.584
        33        21        19     0.603     0.902     0.614
        33        21        20     0.612     0.888     0.603
        33        22        18     0.586     0.902     0.634
        33        22        19     0.594     0.888     0.623
        33        23        17     0.569     0.902     0.654
        33        23        18     0.577     0.888     0.643
        33        24        16     0.552     0.902     0.676
        33        24        17     0.560     0.888     0.664
        33        25        15     0.536     0.902     0.698
        33        25        16     0.544     0.888     0.686
        33        26        14     0.521     0.902     0.721
        33        26        15     0.528     0.888     0.709
        33        27        13     0.506     0.902     0.744
        33        27        14     0.513     0.888     0.732
        33        28        12     0.491     0.902     0.769
        33        28        13     0.498     0.888     0.756
        33        29        11     0.477     0.902     0.794
        33        29        12     0.484     0.889     0.781
        33        30        10     0.463     0.902     0.820
        33        30        11     0.470     0.889     0.806
        33        31         9     0.450     0.902     0.847
        33        31        10     0.456     0.889     0.833
        33        32         8     0.437     0.902     0.875
        33        32         9     0.443     0.889     0.860
        33        33         7     0.424     0.902     0.903
        33        33         8     0.430     0.889     0.888
        33        34         6     0.412     0.902     0.933
        33        34         7     0.418     0.889     0.917
        33        35         5     0.400     0.902     0.963
        33        35         6     0.406     0.889     0.947
        33        36         4     0.388     0.903     0.992
        33        36         5     0.392     0.889     0.980
        34         3        36     0.991     0.931     0.344
        34         4        35     0.965     0.930     0.355
        34         4        36     0.979     0.916     0.349
        34         5        34     0.937     0.930     0.366
        34         5        35     0.951     0.916     0.360
        34         6        33     0.910     0.930     0.378
        34         6        34     0.923     0.916     0.372
        34         7        32     0.883     0.930     0.391
        34         7        33     0.896     0.916     0.384
        34         8        31     0.858     0.930     0.404
        34         8        32     0.871     0.916     0.397
        34         9        30     0.833     0.930     0.417
        34         9        31     0.845     0.916     0.410
        34        10        29     0.809     0.930     0.431
        34        10        30     0.821     0.916     0.423
        34        11        28     0.785     0.930     0.445
        34        11        29     0.797     0.916     0.437
        34        12        27     0.763     0.930     0.459
        34        12        28     0.774     0.916     0.451
        34        13        26     0.741     0.930     0.474
        34        13        27     0.752     0.917     0.466
        34        14        25     0.719     0.931     0.490
        34        14        26     0.730     0.917     0.481
        34        15        24     0.698     0.931     0.506
        34        15        25     0.709     0.917     0.497
        34        16        23     0.678     0.931     0.522
        34        16        24     0.688     0.917     0.514
        34        17        22     0.659     0.931     0.539
        34        17        23     0.668     0.917     0.530
        34        18        21     0.640     0.931     0.557
        34        18        22     0.649     0.917     0.548
        34        19        20     0.621     0.931     0.575
        34        19        21     0.630     0.917     0.566
        34        20        19     0.603     0.931     0.594
        34        20        20     0.612     0.917     0.584
        34        21        18     0.586     0.931     0.614
        34        21        19     0.594     0.917     0.603
        34        22        17     0.569     0.931     0.634
        34        22        18     0.577     0.917     0.623
        34        23        16     0.552     0.931     0.655
        34        23        17     0.560     0.917     0.643
        34        24        15     0.536     0.931     0.676
        34        24        16     0.544     0.917     0.665
        34        25        14     0.521     0.931     0.698
        34        25        15     0.528     0.917     0.686
        34        26        13     0.506     0.931     0.721
        34        26        14     0.513     0.917     0.709
        34        27        12     0.491     0.931     0.745
        34        27        13     0.498     0.917     0.732
        34        28        11     0.477     0.931     0.769
        34        28        12     0.484     0.918     0.756
        34        29        10     0.463     0.931     0.794
        34        29        11     0.470     0.918     0.781
        34        30         9     0.450     0.932     0.820
        34        30        10     0.456     0.918     0.806
        34        31         8     0.437     0.932     0.847
        34        31         9     0.443     0.918     0.833
        34        32         7     0.424     0.932     0.875
        34        32         8     0.430     0.918     0.860
        34        33         6     0.412     0.932     0.903
        34        33         7     0.418     0.918     0.888
        34        34         5     0.400     0.932     0.933
        34        34         6     0.406     0.918     0.917
        34        35         4     0.388     0.932     0.963
        34        35         5     0.394     0.918     0.947
        34        36         3     0.377     0.932     0.993
        34        36         4     0.381     0.918     0.980
        35         2        36     0.991     0.964     0.333
        35         3        35     0.965     0.960     0.344
        35         3        36     0.979     0.946     0.338
        35         4        34     0.937     0.960     0.355
        35         4        35     0.951     0.946     0.349
        35         5        33     0.910     0.960     0.367
        35         5        34     0.923     0.946     0.360
        35         6        32     0.883     0.960     0.379
        35         6        33     0.896     0.946     0.372
        35         7        31     0.858     0.960     0.391
        35         7        32     0.871     0.946     0.384
        35         8        30     0.833     0.960     0.404
        35         8        31     0.845     0.946     0.397
        35         9        29     0.809     0.961     0.417
        35         9        30     0.821     0.946     0.410
        35        10        28     0.786     0.961     0.431
        35        10        29     0.797     0.946     0.423
        35        11        27     0.763     0.961     0.445
        35        11        28     0.774     0.946     0.437
        35        12        26     0.741     0.961     0.459
        35        12        27     0.752     0.946     0.451
        35        13        25     0.719     0.961     0.474
        35        13        26     0.730     0.946     0.466
        35        14        24     0.698     0.961     0.490
        35        14        25     0.709     0.947     0.482
        35        15        23     0.678     0.961     0.506
        35        15        24     0.688     0.947     0.497
        35        16        22     0.659     0.961     0.522
        35        16        23     0.668     0.947     0.514
        35        17        21     0.640     0.961     0.540
        35        17        22     0.649     0.947     0.530
        35        18        20     0.621     0.961     0.557
        35        18        21     0.630     0.947     0.548
        35        19        19     0.603     0.961     0.575
        35        19        20     0.612     0.947     0.566
        35        20        18     0.586     0.961     0.594
        35        20        19     0.594     0.947     0.584
        35        21        17     0.569     0.961     0.614
        35        21        18     0.577     0.947     0.603
        35        22        16     0.552     0.961     0.634
        35        22        17     0.560     0.947     0.623
        35        23        15     0.536     0.961     0.655
        35        23        16     0.544     0.947     0.644
        35        24        14     0.521     0.961     0.676
        35        24        15     0.528     0.947     0.665
        35        25        13     0.506     0.962     0.698
        35        25        14     0.513     0.947     0.686
        35        26        12     0.491     0.962     0.721
        35        26        13     0.498     0.947     0.709
        35        27        11     0.477     0.962     0.745
        35        27        12     0.484     0.947     0.732
        35        28        10     0.463     0.962     0.769
        35        28        11     0.470     0.947     0.756
        35        29         9     0.450     0.962     0.794
        35        29        10     0.456     0.948     0.781
        35        30         8     0.437     0.962     0.820
        35        30         9     0.443     0.948     0.806
        35        31         7     0.424     0.962     0.847
        35        31         8     0.430     0.948     0.833
        35        32         6     0.412     0.962     0.875
        35        32         7     0.418     0.948     0.860
        35        33         5     0.400     0.962     0.903
        35        33         6     0.406     0.948     0.888
        35        34         4     0.388     0.962     0.933
        35        34         5     0.394     0.948     0.917
        35        35         3     0.377     0.962     0.964
        35        35         4     0.382     0.948     0.947
        35        36         2     0.366     0.962     0.991
        35        36         3     0.370     0.948     0.981
        36         1        36     0.991     0.988     0.322
        36         2        35     0.965     0.992     0.333
        36         2        36     0.979     0.981     0.327
        36         3        34     0.937     0.991     0.344
        36         3        35     0.951     0.977     0.338
        36         4        33     0.910     0.991     0.355
        36         4        34     0.923     0.977     0.349
        36         5        32     0.883     0.991     0.367
        36         5        33     0.897     0.977     0.360
        36         6        31     0.858     0.991     0.379
        36         6        32     0.871     0.977     0.372
        36         7        30     0.833     0.991     0.391
        36         7        31     0.845     0.977     0.384
        36         8        29     0.809     0.991     0.404
        36         8        30     0.821     0.977     0.397
        36         9        28     0.786     0.991     0.417
        36         9        29     0.797     0.977     0.410
        36        10        27     0.763     0.991     0.431
        36        10        28     0.774     0.977     0.423
        36        11        26     0.741     0.991     0.445
        36        11        27     0.752     0.977     0.437
        36        12        25     0.719     0.991     0.459
        36        12        26     0.730     0.977     0.452
        36        13        24     0.698     0.991     0.474
        36        13        25     0.709     0.977     0.466
        36        14        23     0.678     0.991     0.490
        36        14        24     0.688     0.977     0.482
        36        15        22     0.659     0.991     0.506
        36        15        23     0.668     0.977     0.497
        36        16        21     0.640     0.991     0.522
        36        16        22     0.649     0.977     0.514
        36        17        20     0.621     0.991     0.540
        36        17        21     0.630     0.978     0.530
        36        18        19     0.603     0.991     0.557
        36        18        20     0.612     0.978     0.548
        36        19        18     0.586     0.991     0.576
        36        19        19     0.594     0.978     0.566
        36        20        17     0.569     0.991     0.594
        36        20        18     0.577     0.978     0.584
        36        21        16     0.552     0.991     0.614
        36        21        17     0.560     0.978     0.603
        36        22        15     0.536     0.991     0.634
        36        22        16     0.544     0.978     0.623
        36        23        14     0.521     0.991     0.655
        36        23        15     0.528     0.978     0.644
        36        24        13     0.506     0.991     0.676
        36        24        14     0.513     0.978     0.665
        36        25        12     0.491     0.991     0.698
        36        25        13     0.498     0.978     0.686
        36        26        11     0.477     0.991     0.721
        36        26        12     0.484     0.978     0.709
        36        27        10     0.463     0.992     0.745
        36        27        11     0.470     0.978     0.732
        36        28         9     0.450     0.992     0.769
        36        28        10     0.456     0.978     0.756
        36        29         8     0.437     0.992     0.794
        36        29         9     0.443     0.978     0.781
        36        30         7     0.424     0.992     0.820
        36        30         8     0.430     0.978     0.806
        36        31         6     0.412     0.992     0.847
        36        31         7     0.418     0.979     0.833
        36        32         5     0.400     0.992     0.875
        36        32         6     0.406     0.979     0.860
        36        33         4     0.388     0.992     0.903
        36        33         5     0.394     0.979     0.888
        36        34         3     0.377     0.992     0.934
        36        34         4     0.382     0.979     0.917
        36        35         2     0.366     0.992     0.966
        36        35         3     0.371     0.979     0.948
        36        36         1     0.356     0.992     0.988
        36        36         2     0.359     0.980     0.985
